Size = 1

Input: [1, 2, 3]
Optimal solution cost: 1
-----
[(2, 3), (1, 2), (1, 3)]

Input: [1, 3, 2]
Optimal solution cost: 1
-----
[(3, 2), (1, 2), (1, 3)]

Input: [2, 1, 3]
Optimal solution cost: 1
-----
[(2, 3), (1, 3), (2, 1)]

Input: [2, 3, 1]
Optimal solution cost: 1
-----
[(2, 3), (3, 1), (2, 1)]

Input: [3, 1, 2]
Optimal solution cost: 1
-----
[(3, 1), (3, 2), (1, 2)]

Input: [3, 2, 1]
Optimal solution cost: 1
-----
[(3, 1), (3, 2), (2, 1)]

Size = 2

Input: [1, 2, 3]-[1, 3, 2]
Optimal solution cost: 1
-----
[(1, 2), (1, 3)]

Input: [1, 2, 3]-[2, 1, 3]
Optimal solution cost: 1
-----
[(2, 3), (1, 3)]

Input: [1, 2, 3]-[2, 3, 1]
Optimal solution cost: 2
-----
[(2, 3), (1, 2), (1, 3)]
[(2, 3), (3, 1), (2, 1)]

Input: [1, 2, 3]-[3, 1, 2]
Optimal solution cost: 2
-----
[(2, 3), (1, 2), (1, 3)]
[(3, 1), (3, 2), (1, 2)]

Input: [1, 2, 3]-[3, 2, 1]
Optimal solution cost: 2
-----
[(2, 3), (1, 2), (1, 3)]
[(3, 1), (3, 2), (2, 1)]

Input: [1, 3, 2]-[2, 1, 3]
Optimal solution cost: 2
-----
[(3, 2), (1, 2), (1, 3)]
[(2, 3), (1, 3), (2, 1)]

Input: [1, 3, 2]-[2, 3, 1]
Optimal solution cost: 2
-----
[(3, 2), (1, 2), (1, 3)]
[(2, 3), (3, 1), (2, 1)]

Input: [1, 3, 2]-[3, 1, 2]
Optimal solution cost: 1
-----
[(3, 2), (1, 2)]

Input: [1, 3, 2]-[3, 2, 1]
Optimal solution cost: 2
-----
[(3, 2), (1, 2), (1, 3)]
[(3, 1), (3, 2), (2, 1)]

Input: [2, 1, 3]-[2, 3, 1]
Optimal solution cost: 1
-----
[(2, 3), (2, 1)]

Input: [2, 1, 3]-[3, 1, 2]
Optimal solution cost: 2
-----
[(2, 3), (1, 3), (2, 1)]
[(3, 1), (3, 2), (1, 2)]

Input: [2, 1, 3]-[3, 2, 1]
Optimal solution cost: 2
-----
[(2, 3), (1, 3), (2, 1)]
[(3, 1), (3, 2), (2, 1)]

Input: [2, 3, 1]-[3, 1, 2]
Optimal solution cost: 2
-----
[(2, 3), (3, 1), (2, 1)]
[(3, 1), (3, 2), (1, 2)]

Input: [2, 3, 1]-[3, 2, 1]
Optimal solution cost: 1
-----
[(3, 1), (2, 1)]

Input: [3, 1, 2]-[3, 2, 1]
Optimal solution cost: 1
-----
[(3, 1), (3, 2)]

Size = 3

Input: [1, 2, 3]-[1, 3, 2]-[2, 1, 3]
Optimal solution cost: 2
-----
[(3, 2), (1, 2), (1, 3)]
[(2, 3), (1, 3)]

Input: [1, 2, 3]-[1, 3, 2]-[2, 3, 1]
Optimal solution cost: 2
-----
[(2, 3), (3, 1), (2, 1)]
[(1, 2), (1, 3)]

Input: [1, 2, 3]-[1, 3, 2]-[3, 1, 2]
Optimal solution cost: 2
-----
[(2, 3), (1, 2), (1, 3)]
[(3, 2), (1, 2)]

Input: [1, 2, 3]-[1, 3, 2]-[3, 2, 1]
Optimal solution cost: 2
-----
[(3, 1), (3, 2), (2, 1)]
[(1, 2), (1, 3)]

Input: [1, 2, 3]-[2, 1, 3]-[2, 3, 1]
Optimal solution cost: 2
-----
[(2, 3), (1, 2), (1, 3)]
[(2, 3), (2, 1)]

Input: [1, 2, 3]-[2, 1, 3]-[3, 1, 2]
Optimal solution cost: 2
-----
[(3, 1), (3, 2), (1, 2)]
[(2, 3), (1, 3)]

Input: [1, 2, 3]-[2, 1, 3]-[3, 2, 1]
Optimal solution cost: 2
-----
[(3, 1), (3, 2), (2, 1)]
[(2, 3), (1, 3)]

Input: [1, 2, 3]-[2, 3, 1]-[3, 1, 2]
Optimal solution cost: 3
-----
[(2, 3), (1, 2), (1, 3)]
[(2, 3), (3, 1), (2, 1)]
[(3, 1), (3, 2), (1, 2)]

Input: [1, 2, 3]-[2, 3, 1]-[3, 2, 1]
Optimal solution cost: 2
-----
[(2, 3), (1, 2), (1, 3)]
[(3, 1), (2, 1)]

Input: [1, 2, 3]-[3, 1, 2]-[3, 2, 1]
Optimal solution cost: 2
-----
[(2, 3), (1, 2), (1, 3)]
[(3, 1), (3, 2)]

Input: [1, 3, 2]-[2, 1, 3]-[2, 3, 1]
Optimal solution cost: 2
-----
[(3, 2), (1, 2), (1, 3)]
[(2, 3), (2, 1)]

Input: [1, 3, 2]-[2, 1, 3]-[3, 1, 2]
Optimal solution cost: 2
-----
[(2, 3), (1, 3), (2, 1)]
[(3, 2), (1, 2)]

Input: [1, 3, 2]-[2, 1, 3]-[3, 2, 1]
Optimal solution cost: 3
-----
[(3, 2), (1, 2), (1, 3)]
[(2, 3), (1, 3), (2, 1)]
[(3, 1), (3, 2), (2, 1)]

Input: [1, 3, 2]-[2, 3, 1]-[3, 1, 2]
Optimal solution cost: 2
-----
[(2, 3), (3, 1), (2, 1)]
[(3, 2), (1, 2)]

Input: [1, 3, 2]-[2, 3, 1]-[3, 2, 1]
Optimal solution cost: 2
-----
[(3, 2), (1, 2), (1, 3)]
[(3, 1), (2, 1)]

Input: [1, 3, 2]-[3, 1, 2]-[3, 2, 1]
Optimal solution cost: 2
-----
[(3, 2), (1, 2), (1, 3)]
[(3, 1), (3, 2)]

Input: [2, 1, 3]-[2, 3, 1]-[3, 1, 2]
Optimal solution cost: 2
-----
[(3, 1), (3, 2), (1, 2)]
[(2, 3), (2, 1)]

Input: [2, 1, 3]-[2, 3, 1]-[3, 2, 1]
Optimal solution cost: 2
-----
[(2, 3), (1, 3), (2, 1)]
[(3, 1), (2, 1)]

Input: [2, 1, 3]-[3, 1, 2]-[3, 2, 1]
Optimal solution cost: 2
-----
[(2, 3), (1, 3), (2, 1)]
[(3, 1), (3, 2)]

Input: [2, 3, 1]-[3, 1, 2]-[3, 2, 1]
Optimal solution cost: 2
-----
[(2, 3), (3, 1), (2, 1)]
[(3, 1), (3, 2)]

Size = 4

Input: [1, 2, 3]-[1, 3, 2]-[2, 1, 3]-[2, 3, 1]
Optimal solution cost: 2
-----
[(1, 2), (1, 3)]
[(2, 3), (2, 1)]

Input: [1, 2, 3]-[1, 3, 2]-[2, 1, 3]-[3, 1, 2]
Optimal solution cost: 2
-----
[(2, 3), (1, 3)]
[(3, 2), (1, 2)]

Input: [1, 2, 3]-[1, 3, 2]-[2, 1, 3]-[3, 2, 1]
Optimal solution cost: 3
-----
[(3, 2), (1, 2), (1, 3)]
[(3, 1), (3, 2), (2, 1)]
[(2, 3), (1, 3)]

Input: [1, 2, 3]-[1, 3, 2]-[2, 3, 1]-[3, 1, 2]
Optimal solution cost: 3
-----
[(2, 3), (1, 2), (1, 3)]
[(2, 3), (3, 1), (2, 1)]
[(3, 2), (1, 2)]

Input: [1, 2, 3]-[1, 3, 2]-[2, 3, 1]-[3, 2, 1]
Optimal solution cost: 2
-----
[(1, 2), (1, 3)]
[(3, 1), (2, 1)]

Input: [1, 2, 3]-[1, 3, 2]-[3, 1, 2]-[3, 2, 1]
Optimal solution cost: 2
-----
[(1, 2), (1, 3)]
[(3, 1), (3, 2)]

Input: [1, 2, 3]-[2, 1, 3]-[2, 3, 1]-[3, 1, 2]
Optimal solution cost: 3
-----
[(2, 3), (1, 2), (1, 3)]
[(3, 1), (3, 2), (1, 2)]
[(2, 3), (2, 1)]

Input: [1, 2, 3]-[2, 1, 3]-[2, 3, 1]-[3, 2, 1]
Optimal solution cost: 2
-----
[(2, 3), (1, 3)]
[(3, 1), (2, 1)]

Input: [1, 2, 3]-[2, 1, 3]-[3, 1, 2]-[3, 2, 1]
Optimal solution cost: 2
-----
[(2, 3), (1, 3)]
[(3, 1), (3, 2)]

Input: [1, 2, 3]-[2, 3, 1]-[3, 1, 2]-[3, 2, 1]
Optimal solution cost: 3
-----
[(2, 3), (1, 2), (1, 3)]
[(2, 3), (3, 1), (2, 1)]
[(3, 1), (3, 2)]

Input: [1, 3, 2]-[2, 1, 3]-[2, 3, 1]-[3, 1, 2]
Optimal solution cost: 2
-----
[(3, 2), (1, 2)]
[(2, 3), (2, 1)]

Input: [1, 3, 2]-[2, 1, 3]-[2, 3, 1]-[3, 2, 1]
Optimal solution cost: 3
-----
[(3, 2), (1, 2), (1, 3)]
[(2, 3), (1, 3), (2, 1)]
[(3, 1), (2, 1)]

Input: [1, 3, 2]-[2, 1, 3]-[3, 1, 2]-[3, 2, 1]
Optimal solution cost: 3
-----
[(3, 2), (1, 2), (1, 3)]
[(2, 3), (1, 3), (2, 1)]
[(3, 1), (3, 2)]

Input: [1, 3, 2]-[2, 3, 1]-[3, 1, 2]-[3, 2, 1]
Optimal solution cost: 2
-----
[(3, 2), (1, 2)]
[(3, 1), (2, 1)]

Input: [2, 1, 3]-[2, 3, 1]-[3, 1, 2]-[3, 2, 1]
Optimal solution cost: 2
-----
[(2, 3), (2, 1)]
[(3, 1), (3, 2)]

Size = 5

Input: [1, 2, 3]-[1, 3, 2]-[2, 1, 3]-[2, 3, 1]-[3, 1, 2]
Optimal solution cost: 3
-----
[(2, 3), (1, 2), (1, 3)]
[(3, 2), (1, 2)]
[(2, 3), (2, 1)]

Input: [1, 2, 3]-[1, 3, 2]-[2, 1, 3]-[2, 3, 1]-[3, 2, 1]
Optimal solution cost: 3
-----
[(3, 2), (1, 2), (1, 3)]
[(2, 3), (1, 3)]
[(3, 1), (2, 1)]

Input: [1, 2, 3]-[1, 3, 2]-[2, 1, 3]-[3, 1, 2]-[3, 2, 1]
Optimal solution cost: 3
-----
[(3, 2), (1, 2), (1, 3)]
[(2, 3), (1, 3)]
[(3, 1), (3, 2)]

Input: [1, 2, 3]-[1, 3, 2]-[2, 3, 1]-[3, 1, 2]-[3, 2, 1]
Optimal solution cost: 3
-----
[(2, 3), (1, 2), (1, 3)]
[(3, 2), (1, 2)]
[(3, 1), (2, 1)]

Input: [1, 2, 3]-[2, 1, 3]-[2, 3, 1]-[3, 1, 2]-[3, 2, 1]
Optimal solution cost: 3
-----
[(2, 3), (1, 2), (1, 3)]
[(2, 3), (2, 1)]
[(3, 1), (3, 2)]

Input: [1, 3, 2]-[2, 1, 3]-[2, 3, 1]-[3, 1, 2]-[3, 2, 1]
Optimal solution cost: 3
-----
[(3, 2), (1, 2), (1, 3)]
[(2, 3), (2, 1)]
[(3, 1), (3, 2)]

Size = 6

Input: [1, 2, 3]-[1, 3, 2]-[2, 1, 3]-[2, 3, 1]-[3, 1, 2]-[3, 2, 1]
Optimal solution cost: 3
-----
[(1, 2), (1, 3)]
[(2, 3), (2, 1)]
[(3, 1), (3, 2)]

