Time elapsed: 0.00018510 seconds
Input: [1, 2, 3, 4]-[1, 2, 4, 3]-[1, 3, 2, 4]-[1, 3, 4, 2]-[1, 4, 2, 3]-[1, 4, 3, 2]
Approximation cost: 3
-----
[(1, 2), (1, 3), (1, 4), (2, 3), (2, 4)]
[(1, 2), (1, 3), (1, 4), (3, 2), (3, 4)]
[(1, 2), (1, 3), (1, 4), (4, 2), (4, 3)]

Time elapsed: 0.00002890 seconds
Input: [4, 1, 2, 3]-[4, 1, 3, 2]
Approximation cost: 1
-----
[(1, 2), (1, 3), (4, 1), (4, 2), (4, 3)]

Time elapsed: 0.00003300 seconds
Input: [3, 1, 2, 4]-[3, 1, 4, 2]
Approximation cost: 1
-----
[(1, 2), (1, 4), (3, 1), (3, 2), (3, 4)]

Time elapsed: 0.00004970 seconds
Input: [3, 4, 1, 2]-[4, 3, 1, 2]
Approximation cost: 1
-----
[(1, 2), (3, 1), (3, 2), (4, 1), (4, 2)]

Time elapsed: 0.00004950 seconds
Input: [1, 2, 3, 4]-[1, 3, 2, 4]-[1, 3, 4, 2]
Approximation cost: 2
-----
[(1, 2), (1, 3), (1, 4), (2, 4), (3, 4)]
[(1, 2), (1, 3), (1, 4), (3, 2), (3, 4), (4, 2)]

Time elapsed: 0.00010330 seconds
Input: [1, 2, 4, 3]-[1, 4, 2, 3]-[1, 4, 3, 2]-[4, 1, 2, 3]-[4, 1, 3, 2]
Approximation cost: 3
-----
[(1, 2), (1, 3), (1, 4), (2, 3), (4, 3)]
[(1, 2), (1, 3), (3, 2), (4, 2), (4, 3)]
[(1, 2), (1, 3), (2, 3), (4, 1), (4, 2), (4, 3)]

Time elapsed: 0.00007570 seconds
Input: [3, 1, 2, 4]-[3, 1, 4, 2]-[3, 4, 1, 2]
Approximation cost: 2
-----
[(1, 2), (1, 4), (3, 1), (3, 2), (3, 4)]
[(1, 2), (3, 1), (3, 2), (3, 4), (4, 1), (4, 2)]

Time elapsed: 0.00001950 seconds
Input: [4, 3, 1, 2]
Approximation cost: 1
-----
[(1, 2), (3, 1), (3, 2), (4, 1), (4, 2), (4, 3)]

Time elapsed: 0.00006340 seconds
Input: [1, 2, 4, 3]-[1, 4, 2, 3]-[1, 4, 3, 2]
Approximation cost: 2
-----
[(1, 2), (1, 3), (1, 4), (2, 3), (4, 3)]
[(1, 2), (1, 3), (1, 4), (3, 2), (4, 2), (4, 3)]

Time elapsed: 0.00010430 seconds
Input: [1, 2, 3, 4]-[1, 3, 2, 4]-[1, 3, 4, 2]-[3, 1, 2, 4]-[3, 1, 4, 2]
Approximation cost: 3
-----
[(1, 2), (1, 3), (1, 4), (2, 4), (3, 4)]
[(1, 2), (1, 4), (3, 2), (3, 4), (4, 2)]
[(1, 2), (1, 4), (2, 4), (3, 1), (3, 2), (3, 4)]

Time elapsed: 0.00007480 seconds
Input: [4, 1, 2, 3]-[4, 1, 3, 2]-[4, 3, 1, 2]
Approximation cost: 2
-----
[(1, 2), (1, 3), (4, 1), (4, 2), (4, 3)]
[(1, 2), (3, 1), (3, 2), (4, 1), (4, 2), (4, 3)]

Time elapsed: 0.00001750 seconds
Input: [3, 4, 1, 2]
Approximation cost: 1
-----
[(1, 2), (3, 1), (3, 2), (3, 4), (4, 1), (4, 2)]

Time elapsed: 0.00004250 seconds
Input: [2, 1, 3, 4]-[2, 1, 4, 3]
Approximation cost: 1
-----
[(1, 3), (1, 4), (2, 1), (2, 3), (2, 4)]

Time elapsed: 0.00002800 seconds
Input: [2, 4, 1, 3]-[4, 2, 1, 3]
Approximation cost: 1
-----
[(1, 3), (2, 1), (2, 3), (4, 1), (4, 3)]

Time elapsed: 0.00006040 seconds
Input: [2, 3, 1, 4]-[3, 2, 1, 4]
Approximation cost: 1
-----
[(1, 4), (2, 1), (2, 4), (3, 1), (3, 4)]

Time elapsed: 0.00014040 seconds
Input: [2, 3, 4, 1]-[2, 4, 3, 1]-[3, 2, 4, 1]-[3, 4, 2, 1]-[4, 2, 3, 1]-[4, 3, 2, 1]
Approximation cost: 3
-----
[(2, 1), (2, 3), (2, 4), (3, 1), (4, 1)]
[(2, 1), (3, 1), (3, 2), (3, 4), (4, 1)]
[(2, 1), (3, 1), (4, 1), (4, 2), (4, 3)]

Time elapsed: 0.00002100 seconds
Input: [2, 1, 3, 4]
Approximation cost: 1
-----
[(1, 3), (1, 4), (2, 1), (2, 3), (2, 4), (3, 4)]

Time elapsed: 0.00003370 seconds
Input: [2, 1, 4, 3]-[2, 4, 1, 3]-[4, 2, 1, 3]
Approximation cost: 2
-----
[(1, 3), (2, 1), (2, 3), (2, 4), (4, 3)]
[(1, 3), (2, 1), (2, 3), (4, 1), (4, 2), (4, 3)]

Time elapsed: 0.00009430 seconds
Input: [2, 3, 1, 4]-[2, 3, 4, 1]-[3, 2, 1, 4]-[3, 2, 4, 1]-[3, 4, 2, 1]
Approximation cost: 2
-----
[(2, 1), (2, 4), (3, 1), (3, 4)]
[(2, 1), (3, 1), (3, 2), (3, 4), (4, 1), (4, 2)]

Time elapsed: 0.00007950 seconds
Input: [2, 4, 3, 1]-[4, 2, 3, 1]-[4, 3, 2, 1]
Approximation cost: 2
-----
[(2, 1), (2, 3), (3, 1), (4, 1), (4, 3)]
[(2, 1), (3, 1), (3, 2), (4, 1), (4, 2), (4, 3)]

Time elapsed: 0.00003650 seconds
Input: [2, 1, 4, 3]
Approximation cost: 1
-----
[(1, 3), (1, 4), (2, 1), (2, 3), (2, 4), (4, 3)]

Time elapsed: 0.00003760 seconds
Input: [2, 1, 3, 4]-[2, 3, 1, 4]-[3, 2, 1, 4]
Approximation cost: 2
-----
[(1, 4), (2, 1), (2, 3), (2, 4), (3, 4)]
[(1, 4), (2, 1), (2, 4), (3, 1), (3, 2), (3, 4)]

Time elapsed: 0.00007140 seconds
Input: [2, 4, 1, 3]-[2, 4, 3, 1]-[4, 2, 1, 3]-[4, 2, 3, 1]-[4, 3, 2, 1]
Approximation cost: 2
-----
[(2, 1), (2, 3), (4, 1), (4, 3)]
[(2, 1), (3, 1), (3, 2), (4, 1), (4, 2), (4, 3)]

Time elapsed: 0.00003640 seconds
Input: [2, 3, 4, 1]-[3, 2, 4, 1]-[3, 4, 2, 1]
Approximation cost: 2
-----
[(2, 1), (2, 4), (3, 1), (3, 4), (4, 1)]
[(2, 1), (3, 1), (3, 2), (3, 4), (4, 1), (4, 2)]

Time elapsed: 0.00002380 seconds
Input: [1, 2, 3, 4]-[1, 2, 4, 3]
Approximation cost: 1
-----
[(1, 2), (1, 3), (1, 4), (2, 3), (2, 4)]

Time elapsed: 0.00004200 seconds
Input: [1, 4, 2, 3]-[4, 1, 2, 3]
Approximation cost: 1
-----
[(1, 2), (1, 3), (2, 3), (4, 2), (4, 3)]

Time elapsed: 0.00003650 seconds
Input: [1, 3, 2, 4]-[3, 1, 2, 4]
Approximation cost: 1
-----
[(1, 2), (1, 4), (2, 4), (3, 2), (3, 4)]

Time elapsed: 0.00008740 seconds
Input: [1, 3, 4, 2]-[1, 4, 3, 2]-[3, 1, 4, 2]-[3, 4, 1, 2]-[4, 1, 3, 2]-[4, 3, 1, 2]
Approximation cost: 3
-----
[(1, 2), (1, 3), (1, 4), (3, 2), (4, 2)]
[(1, 2), (3, 1), (3, 2), (3, 4), (4, 2)]
[(1, 2), (3, 2), (4, 1), (4, 2), (4, 3)]

Time elapsed: 0.00002410 seconds
Input: [1, 2, 3, 4]
Approximation cost: 1
-----
[(1, 2), (1, 3), (1, 4), (2, 3), (2, 4), (3, 4)]

Time elapsed: 0.00006390 seconds
Input: [1, 2, 4, 3]-[1, 4, 2, 3]-[4, 1, 2, 3]
Approximation cost: 2
-----
[(1, 2), (1, 3), (1, 4), (2, 3), (4, 3)]
[(1, 2), (1, 3), (2, 3), (4, 1), (4, 2), (4, 3)]

Time elapsed: 0.00005430 seconds
Input: [1, 3, 2, 4]-[1, 3, 4, 2]-[3, 1, 2, 4]-[3, 1, 4, 2]-[3, 4, 1, 2]
Approximation cost: 2
-----
[(1, 2), (1, 4), (3, 2), (3, 4)]
[(1, 2), (3, 1), (3, 2), (3, 4), (4, 1), (4, 2)]

Time elapsed: 0.00003280 seconds
Input: [1, 4, 3, 2]-[4, 1, 3, 2]-[4, 3, 1, 2]
Approximation cost: 2
-----
[(1, 2), (1, 3), (3, 2), (4, 2), (4, 3)]
[(1, 2), (3, 1), (3, 2), (4, 1), (4, 2), (4, 3)]

Time elapsed: 0.00001360 seconds
Input: [1, 2, 4, 3]
Approximation cost: 1
-----
[(1, 2), (1, 3), (1, 4), (2, 3), (2, 4), (4, 3)]

Time elapsed: 0.00005690 seconds
Input: [1, 2, 3, 4]-[1, 3, 2, 4]-[3, 1, 2, 4]
Approximation cost: 2
-----
[(1, 2), (1, 3), (1, 4), (2, 4), (3, 4)]
[(1, 2), (1, 4), (2, 4), (3, 1), (3, 2), (3, 4)]

Time elapsed: 0.00006610 seconds
Input: [1, 4, 2, 3]-[1, 4, 3, 2]-[4, 1, 2, 3]-[4, 1, 3, 2]-[4, 3, 1, 2]
Approximation cost: 2
-----
[(1, 2), (1, 3), (4, 2), (4, 3)]
[(1, 2), (3, 1), (3, 2), (4, 1), (4, 2), (4, 3)]

Time elapsed: 0.00006130 seconds
Input: [1, 3, 4, 2]-[3, 1, 4, 2]-[3, 4, 1, 2]
Approximation cost: 2
-----
[(1, 2), (1, 4), (3, 2), (3, 4), (4, 2)]
[(1, 2), (3, 1), (3, 2), (3, 4), (4, 1), (4, 2)]

Time elapsed: 0.00016180 seconds
Input: [2, 1, 3, 4]-[2, 1, 4, 3]-[2, 3, 1, 4]-[2, 3, 4, 1]-[2, 4, 1, 3]-[2, 4, 3, 1]
Approximation cost: 3
-----
[(1, 3), (1, 4), (2, 1), (2, 3), (2, 4)]
[(2, 1), (2, 3), (2, 4), (3, 1), (3, 4)]
[(2, 1), (2, 3), (2, 4), (4, 1), (4, 3)]

Time elapsed: 0.00005680 seconds
Input: [4, 2, 1, 3]-[4, 2, 3, 1]
Approximation cost: 1
-----
[(2, 1), (2, 3), (4, 1), (4, 2), (4, 3)]

Time elapsed: 0.00006960 seconds
Input: [3, 2, 1, 4]-[3, 2, 4, 1]
Approximation cost: 1
-----
[(2, 1), (2, 4), (3, 1), (3, 2), (3, 4)]

Time elapsed: 0.00004090 seconds
Input: [3, 4, 2, 1]-[4, 3, 2, 1]
Approximation cost: 1
-----
[(2, 1), (3, 1), (3, 2), (4, 1), (4, 2)]

Time elapsed: 0.00005110 seconds
Input: [2, 1, 3, 4]-[2, 3, 1, 4]-[2, 3, 4, 1]
Approximation cost: 2
-----
[(1, 4), (2, 1), (2, 3), (2, 4), (3, 4)]
[(2, 1), (2, 3), (2, 4), (3, 1), (3, 4), (4, 1)]

Time elapsed: 0.00007580 seconds
Input: [2, 1, 4, 3]-[2, 4, 1, 3]-[2, 4, 3, 1]-[4, 2, 1, 3]-[4, 2, 3, 1]
Approximation cost: 3
-----
[(1, 3), (2, 1), (2, 3), (2, 4), (4, 3)]
[(2, 1), (2, 3), (3, 1), (4, 1), (4, 3)]
[(1, 3), (2, 1), (2, 3), (4, 1), (4, 2), (4, 3)]

Time elapsed: 0.00004650 seconds
Input: [3, 2, 1, 4]-[3, 2, 4, 1]-[3, 4, 2, 1]
Approximation cost: 2
-----
[(2, 1), (2, 4), (3, 1), (3, 2), (3, 4)]
[(2, 1), (3, 1), (3, 2), (3, 4), (4, 1), (4, 2)]

Time elapsed: 0.00001700 seconds
Input: [4, 3, 2, 1]
Approximation cost: 1
-----
[(2, 1), (3, 1), (3, 2), (4, 1), (4, 2), (4, 3)]

Time elapsed: 0.00005450 seconds
Input: [2, 1, 4, 3]-[2, 4, 1, 3]-[2, 4, 3, 1]
Approximation cost: 2
-----
[(1, 3), (2, 1), (2, 3), (2, 4), (4, 3)]
[(2, 1), (2, 3), (2, 4), (3, 1), (4, 1), (4, 3)]

Time elapsed: 0.00005550 seconds
Input: [2, 1, 3, 4]-[2, 3, 1, 4]-[2, 3, 4, 1]-[3, 2, 1, 4]-[3, 2, 4, 1]
Approximation cost: 3
-----
[(1, 4), (2, 1), (2, 3), (2, 4), (3, 4)]
[(2, 1), (2, 4), (3, 1), (3, 4), (4, 1)]
[(1, 4), (2, 1), (2, 4), (3, 1), (3, 2), (3, 4)]

Time elapsed: 0.00005140 seconds
Input: [4, 2, 1, 3]-[4, 2, 3, 1]-[4, 3, 2, 1]
Approximation cost: 2
-----
[(2, 1), (2, 3), (4, 1), (4, 2), (4, 3)]
[(2, 1), (3, 1), (3, 2), (4, 1), (4, 2), (4, 3)]

Time elapsed: 0.00002360 seconds
Input: [3, 4, 2, 1]
Approximation cost: 1
-----
[(2, 1), (3, 1), (3, 2), (3, 4), (4, 1), (4, 2)]

Time elapsed: 0.00005990 seconds
Input: [1, 2, 3, 4]-[1, 2, 4, 3]-[1, 3, 2, 4]
Approximation cost: 2
-----
[(1, 2), (1, 3), (1, 4), (2, 3), (2, 4)]
[(1, 2), (1, 3), (1, 4), (2, 4), (3, 2), (3, 4)]

Time elapsed: 0.00009080 seconds
Input: [1, 3, 4, 2]-[1, 4, 2, 3]-[1, 4, 3, 2]-[4, 1, 2, 3]-[4, 1, 3, 2]
Approximation cost: 3
-----
[(1, 2), (1, 3), (1, 4), (3, 2), (4, 2)]
[(1, 2), (1, 3), (2, 3), (4, 2), (4, 3)]
[(1, 2), (1, 3), (3, 2), (4, 1), (4, 2), (4, 3)]

Time elapsed: 0.00007810 seconds
Input: [2, 1, 3, 4]-[2, 1, 4, 3]-[2, 4, 1, 3]
Approximation cost: 2
-----
[(1, 3), (1, 4), (2, 1), (2, 3), (2, 4)]
[(1, 3), (2, 1), (2, 3), (2, 4), (4, 1), (4, 3)]

Time elapsed: 0.00002480 seconds
Input: [4, 2, 1, 3]
Approximation cost: 1
-----
[(1, 3), (2, 1), (2, 3), (4, 1), (4, 2), (4, 3)]

Time elapsed: 0.00008280 seconds
Input: [1, 3, 4, 2]-[1, 4, 2, 3]-[1, 4, 3, 2]
Approximation cost: 2
-----
[(1, 2), (1, 3), (1, 4), (3, 2), (4, 2)]
[(1, 2), (1, 3), (1, 4), (2, 3), (4, 2), (4, 3)]

Time elapsed: 0.00008340 seconds
Input: [1, 2, 3, 4]-[1, 2, 4, 3]-[1, 3, 2, 4]-[2, 1, 3, 4]-[2, 1, 4, 3]
Approximation cost: 2
-----
[(1, 3), (1, 4), (2, 3), (2, 4)]
[(1, 2), (1, 3), (1, 4), (2, 4), (3, 2), (3, 4)]

Time elapsed: 0.00005150 seconds
Input: [4, 1, 2, 3]-[4, 1, 3, 2]-[4, 2, 1, 3]
Approximation cost: 2
-----
[(1, 2), (1, 3), (4, 1), (4, 2), (4, 3)]
[(1, 3), (2, 1), (2, 3), (4, 1), (4, 2), (4, 3)]

Time elapsed: 0.00001750 seconds
Input: [2, 4, 1, 3]
Approximation cost: 1
-----
[(1, 3), (2, 1), (2, 3), (2, 4), (4, 1), (4, 3)]

Time elapsed: 0.00001420 seconds
Input: [3, 1, 2, 4]
Approximation cost: 1
-----
[(1, 2), (1, 4), (2, 4), (3, 1), (3, 2), (3, 4)]

Time elapsed: 0.00004640 seconds
Input: [3, 1, 4, 2]-[3, 4, 1, 2]-[4, 3, 1, 2]
Approximation cost: 2
-----
[(1, 2), (3, 1), (3, 2), (3, 4), (4, 2)]
[(1, 2), (3, 1), (3, 2), (4, 1), (4, 2), (4, 3)]

Time elapsed: 0.00009670 seconds
Input: [2, 3, 1, 4]-[2, 3, 4, 1]-[2, 4, 3, 1]-[3, 2, 1, 4]-[3, 2, 4, 1]
Approximation cost: 2
-----
[(2, 1), (2, 4), (3, 1), (3, 4)]
[(2, 1), (2, 3), (2, 4), (3, 1), (4, 1), (4, 3)]

Time elapsed: 0.00003550 seconds
Input: [3, 4, 2, 1]-[4, 2, 3, 1]-[4, 3, 2, 1]
Approximation cost: 2
-----
[(2, 1), (3, 1), (3, 2), (4, 1), (4, 2)]
[(2, 1), (2, 3), (3, 1), (4, 1), (4, 2), (4, 3)]

Time elapsed: 0.00001670 seconds
Input: [3, 1, 4, 2]
Approximation cost: 1
-----
[(1, 2), (1, 4), (3, 1), (3, 2), (3, 4), (4, 2)]

Time elapsed: 0.00004320 seconds
Input: [2, 3, 1, 4]-[3, 1, 2, 4]-[3, 2, 1, 4]
Approximation cost: 2
-----
[(1, 4), (2, 1), (2, 4), (3, 1), (3, 4)]
[(1, 2), (1, 4), (2, 4), (3, 1), (3, 2), (3, 4)]

Time elapsed: 0.00005180 seconds
Input: [3, 4, 1, 2]-[3, 4, 2, 1]-[4, 2, 3, 1]-[4, 3, 1, 2]-[4, 3, 2, 1]
Approximation cost: 3
-----
[(3, 1), (3, 2), (3, 4), (4, 1), (4, 2)]
[(2, 1), (3, 1), (4, 1), (4, 2), (4, 3)]
[(1, 2), (3, 1), (3, 2), (4, 1), (4, 2), (4, 3)]

Time elapsed: 0.00003390 seconds
Input: [2, 3, 4, 1]-[2, 4, 3, 1]-[3, 2, 4, 1]
Approximation cost: 2
-----
[(2, 1), (2, 3), (2, 4), (3, 1), (4, 1)]
[(2, 1), (2, 4), (3, 1), (3, 2), (3, 4), (4, 1)]

Time elapsed: 0.00004230 seconds
Input: [1, 3, 2, 4]-[1, 3, 4, 2]
Approximation cost: 1
-----
[(1, 2), (1, 3), (1, 4), (3, 2), (3, 4)]

Time elapsed: 0.00002890 seconds
Input: [1, 4, 3, 2]-[4, 1, 3, 2]
Approximation cost: 1
-----
[(1, 2), (1, 3), (3, 2), (4, 2), (4, 3)]

Time elapsed: 0.00004930 seconds
Input: [1, 2, 3, 4]-[2, 1, 3, 4]
Approximation cost: 1
-----
[(1, 3), (1, 4), (2, 3), (2, 4), (3, 4)]

Time elapsed: 0.00006130 seconds
Input: [1, 2, 4, 3]-[1, 4, 2, 3]-[2, 1, 4, 3]-[2, 4, 1, 3]-[4, 1, 2, 3]-[4, 2, 1, 3]
Approximation cost: 3
-----
[(1, 2), (1, 3), (1, 4), (2, 3), (4, 3)]
[(1, 3), (2, 1), (2, 3), (2, 4), (4, 3)]
[(1, 3), (2, 3), (4, 1), (4, 2), (4, 3)]

Time elapsed: 0.00002010 seconds
Input: [1, 3, 2, 4]
Approximation cost: 1
-----
[(1, 2), (1, 3), (1, 4), (2, 4), (3, 2), (3, 4)]

Time elapsed: 0.00005230 seconds
Input: [1, 3, 4, 2]-[1, 4, 3, 2]-[4, 1, 3, 2]
Approximation cost: 2
-----
[(1, 2), (1, 3), (1, 4), (3, 2), (4, 2)]
[(1, 2), (1, 3), (3, 2), (4, 1), (4, 2), (4, 3)]

Time elapsed: 0.00007510 seconds
Input: [1, 2, 3, 4]-[1, 2, 4, 3]-[2, 1, 3, 4]-[2, 1, 4, 3]-[2, 4, 1, 3]
Approximation cost: 2
-----
[(1, 3), (1, 4), (2, 3), (2, 4)]
[(1, 3), (2, 1), (2, 3), (2, 4), (4, 1), (4, 3)]

Time elapsed: 0.00004130 seconds
Input: [1, 4, 2, 3]-[4, 1, 2, 3]-[4, 2, 1, 3]
Approximation cost: 2
-----
[(1, 2), (1, 3), (2, 3), (4, 2), (4, 3)]
[(1, 3), (2, 1), (2, 3), (4, 1), (4, 2), (4, 3)]

Time elapsed: 0.00001430 seconds
Input: [1, 3, 4, 2]
Approximation cost: 1
-----
[(1, 2), (1, 3), (1, 4), (3, 2), (3, 4), (4, 2)]

Time elapsed: 0.00003280 seconds
Input: [1, 2, 3, 4]-[1, 3, 2, 4]-[2, 1, 3, 4]
Approximation cost: 2
-----
[(1, 2), (1, 3), (1, 4), (2, 4), (3, 4)]
[(1, 3), (1, 4), (2, 1), (2, 3), (2, 4), (3, 4)]

Time elapsed: 0.00005120 seconds
Input: [1, 4, 2, 3]-[1, 4, 3, 2]-[4, 1, 2, 3]-[4, 1, 3, 2]-[4, 2, 1, 3]
Approximation cost: 2
-----
[(1, 2), (1, 3), (4, 2), (4, 3)]
[(1, 3), (2, 1), (2, 3), (4, 1), (4, 2), (4, 3)]

Time elapsed: 0.00003400 seconds
Input: [1, 2, 4, 3]-[2, 1, 4, 3]-[2, 4, 1, 3]
Approximation cost: 2
-----
[(1, 3), (1, 4), (2, 3), (2, 4), (4, 3)]
[(1, 3), (2, 1), (2, 3), (2, 4), (4, 1), (4, 3)]

Time elapsed: 0.00005840 seconds
Input: [3, 1, 2, 4]-[3, 1, 4, 2]-[3, 2, 1, 4]-[3, 2, 4, 1]-[3, 4, 1, 2]-[3, 4, 2, 1]
Approximation cost: 3
-----
[(1, 2), (1, 4), (3, 1), (3, 2), (3, 4)]
[(2, 1), (2, 4), (3, 1), (3, 2), (3, 4)]
[(3, 1), (3, 2), (3, 4), (4, 1), (4, 2)]

Time elapsed: 0.00002550 seconds
Input: [4, 3, 1, 2]-[4, 3, 2, 1]
Approximation cost: 1
-----
[(3, 1), (3, 2), (4, 1), (4, 2), (4, 3)]

Time elapsed: 0.00003990 seconds
Input: [2, 3, 1, 4]-[2, 3, 4, 1]
Approximation cost: 1
-----
[(2, 1), (2, 3), (2, 4), (3, 1), (3, 4)]

Time elapsed: 0.00003090 seconds
Input: [2, 4, 3, 1]-[4, 2, 3, 1]
Approximation cost: 1
-----
[(2, 1), (2, 3), (3, 1), (4, 1), (4, 3)]

Time elapsed: 0.00005550 seconds
Input: [3, 1, 2, 4]-[3, 2, 1, 4]-[3, 2, 4, 1]
Approximation cost: 2
-----
[(1, 4), (2, 4), (3, 1), (3, 2), (3, 4)]
[(2, 1), (2, 4), (3, 1), (3, 2), (3, 4), (4, 1)]

Time elapsed: 0.00005440 seconds
Input: [3, 1, 4, 2]-[3, 4, 1, 2]-[3, 4, 2, 1]-[4, 3, 1, 2]-[4, 3, 2, 1]
Approximation cost: 3
-----
[(1, 2), (3, 1), (3, 2), (3, 4), (4, 2)]
[(2, 1), (3, 1), (3, 2), (4, 1), (4, 2)]
[(1, 2), (3, 1), (3, 2), (4, 1), (4, 2), (4, 3)]

Time elapsed: 0.00003770 seconds
Input: [2, 3, 1, 4]-[2, 3, 4, 1]-[2, 4, 3, 1]
Approximation cost: 2
-----
[(2, 1), (2, 3), (2, 4), (3, 1), (3, 4)]
[(2, 1), (2, 3), (2, 4), (3, 1), (4, 1), (4, 3)]

Time elapsed: 0.00002140 seconds
Input: [4, 2, 3, 1]
Approximation cost: 1
-----
[(2, 1), (2, 3), (3, 1), (4, 1), (4, 2), (4, 3)]

Time elapsed: 0.00003620 seconds
Input: [3, 1, 4, 2]-[3, 4, 1, 2]-[3, 4, 2, 1]
Approximation cost: 2
-----
[(1, 2), (3, 1), (3, 2), (3, 4), (4, 2)]
[(2, 1), (3, 1), (3, 2), (3, 4), (4, 1), (4, 2)]

Time elapsed: 0.00005480 seconds
Input: [2, 3, 1, 4]-[2, 3, 4, 1]-[3, 1, 2, 4]-[3, 2, 1, 4]-[3, 2, 4, 1]
Approximation cost: 3
-----
[(2, 1), (2, 3), (2, 4), (3, 1), (3, 4)]
[(1, 4), (2, 4), (3, 1), (3, 2), (3, 4)]
[(2, 1), (2, 4), (3, 1), (3, 2), (3, 4), (4, 1)]

Time elapsed: 0.00003590 seconds
Input: [4, 2, 3, 1]-[4, 3, 1, 2]-[4, 3, 2, 1]
Approximation cost: 2
-----
[(2, 1), (3, 1), (4, 1), (4, 2), (4, 3)]
[(1, 2), (3, 1), (3, 2), (4, 1), (4, 2), (4, 3)]

Time elapsed: 0.00002170 seconds
Input: [2, 4, 3, 1]
Approximation cost: 1
-----
[(2, 1), (2, 3), (2, 4), (3, 1), (4, 1), (4, 3)]

Time elapsed: 0.00004730 seconds
Input: [1, 2, 3, 4]-[1, 2, 4, 3]-[1, 4, 2, 3]
Approximation cost: 2
-----
[(1, 2), (1, 3), (1, 4), (2, 3), (2, 4)]
[(1, 2), (1, 3), (1, 4), (2, 3), (4, 2), (4, 3)]

Time elapsed: 0.00007860 seconds
Input: [1, 3, 2, 4]-[1, 3, 4, 2]-[1, 4, 3, 2]-[3, 1, 2, 4]-[3, 1, 4, 2]
Approximation cost: 2
-----
[(1, 2), (1, 4), (3, 2), (3, 4)]
[(1, 2), (1, 3), (1, 4), (3, 2), (4, 2), (4, 3)]

Time elapsed: 0.00003460 seconds
Input: [2, 1, 3, 4]-[2, 1, 4, 3]-[2, 3, 1, 4]
Approximation cost: 2
-----
[(1, 3), (1, 4), (2, 1), (2, 3), (2, 4)]
[(1, 4), (2, 1), (2, 3), (2, 4), (3, 1), (3, 4)]

Time elapsed: 0.00002210 seconds
Input: [3, 2, 1, 4]
Approximation cost: 1
-----
[(1, 4), (2, 1), (2, 4), (3, 1), (3, 2), (3, 4)]

Time elapsed: 0.00006640 seconds
Input: [1, 3, 2, 4]-[1, 3, 4, 2]-[1, 4, 3, 2]
Approximation cost: 2
-----
[(1, 2), (1, 3), (1, 4), (3, 2), (3, 4)]
[(1, 2), (1, 3), (1, 4), (3, 2), (4, 2), (4, 3)]

Time elapsed: 0.00008590 seconds
Input: [1, 2, 3, 4]-[1, 2, 4, 3]-[1, 4, 2, 3]-[2, 1, 3, 4]-[2, 1, 4, 3]
Approximation cost: 2
-----
[(1, 3), (1, 4), (2, 3), (2, 4)]
[(1, 2), (1, 3), (1, 4), (2, 3), (4, 2), (4, 3)]

Time elapsed: 0.00003440 seconds
Input: [3, 1, 2, 4]-[3, 1, 4, 2]-[3, 2, 1, 4]
Approximation cost: 2
-----
[(1, 2), (1, 4), (3, 1), (3, 2), (3, 4)]
[(1, 4), (2, 1), (2, 4), (3, 1), (3, 2), (3, 4)]

Time elapsed: 0.00001880 seconds
Input: [2, 3, 1, 4]
Approximation cost: 1
-----
[(1, 4), (2, 1), (2, 3), (2, 4), (3, 1), (3, 4)]

Time elapsed: 0.00002010 seconds
Input: [4, 1, 2, 3]
Approximation cost: 1
-----
[(1, 2), (1, 3), (2, 3), (4, 1), (4, 2), (4, 3)]

Time elapsed: 0.00003580 seconds
Input: [3, 4, 1, 2]-[4, 1, 3, 2]-[4, 3, 1, 2]
Approximation cost: 2
-----
[(1, 2), (3, 1), (3, 2), (4, 1), (4, 2)]
[(1, 2), (1, 3), (3, 2), (4, 1), (4, 2), (4, 3)]

Time elapsed: 0.00010210 seconds
Input: [2, 3, 4, 1]-[2, 4, 1, 3]-[2, 4, 3, 1]-[4, 2, 1, 3]-[4, 2, 3, 1]
Approximation cost: 3
-----
[(2, 1), (2, 3), (2, 4), (3, 1), (4, 1)]
[(1, 3), (2, 1), (2, 3), (4, 1), (4, 3)]
[(2, 1), (2, 3), (3, 1), (4, 1), (4, 2), (4, 3)]

Time elapsed: 0.00003810 seconds
Input: [3, 2, 4, 1]-[3, 4, 2, 1]-[4, 3, 2, 1]
Approximation cost: 2
-----
[(2, 1), (3, 1), (3, 2), (3, 4), (4, 1)]
[(2, 1), (3, 1), (3, 2), (4, 1), (4, 2), (4, 3)]

Time elapsed: 0.00001450 seconds
Input: [4, 1, 3, 2]
Approximation cost: 1
-----
[(1, 2), (1, 3), (3, 2), (4, 1), (4, 2), (4, 3)]

Time elapsed: 0.00006390 seconds
Input: [2, 4, 1, 3]-[4, 1, 2, 3]-[4, 2, 1, 3]
Approximation cost: 2
-----
[(1, 3), (2, 1), (2, 3), (4, 1), (4, 3)]
[(1, 2), (1, 3), (2, 3), (4, 1), (4, 2), (4, 3)]

Time elapsed: 0.00004850 seconds
Input: [3, 2, 4, 1]-[3, 4, 1, 2]-[3, 4, 2, 1]-[4, 3, 1, 2]-[4, 3, 2, 1]
Approximation cost: 3
-----
[(2, 1), (3, 1), (3, 2), (3, 4), (4, 1)]
[(1, 2), (3, 1), (3, 2), (4, 1), (4, 2)]
[(2, 1), (3, 1), (3, 2), (4, 1), (4, 2), (4, 3)]

Time elapsed: 0.00003690 seconds
Input: [2, 3, 4, 1]-[2, 4, 3, 1]-[4, 2, 3, 1]
Approximation cost: 2
-----
[(2, 1), (2, 3), (2, 4), (3, 1), (4, 1)]
[(2, 1), (2, 3), (3, 1), (4, 1), (4, 2), (4, 3)]

Time elapsed: 0.00003030 seconds
Input: [1, 4, 2, 3]-[1, 4, 3, 2]
Approximation cost: 1
-----
[(1, 2), (1, 3), (1, 4), (4, 2), (4, 3)]

Time elapsed: 0.00004250 seconds
Input: [1, 3, 4, 2]-[3, 1, 4, 2]
Approximation cost: 1
-----
[(1, 2), (1, 4), (3, 2), (3, 4), (4, 2)]

Time elapsed: 0.00004030 seconds
Input: [1, 2, 4, 3]-[2, 1, 4, 3]
Approximation cost: 1
-----
[(1, 3), (1, 4), (2, 3), (2, 4), (4, 3)]

Time elapsed: 0.00009370 seconds
Input: [1, 2, 3, 4]-[1, 3, 2, 4]-[2, 1, 3, 4]-[2, 3, 1, 4]-[3, 1, 2, 4]-[3, 2, 1, 4]
Approximation cost: 3
-----
[(1, 2), (1, 3), (1, 4), (2, 4), (3, 4)]
[(1, 4), (2, 1), (2, 3), (2, 4), (3, 4)]
[(1, 4), (2, 4), (3, 1), (3, 2), (3, 4)]

Time elapsed: 0.00001730 seconds
Input: [1, 4, 2, 3]
Approximation cost: 1
-----
[(1, 2), (1, 3), (1, 4), (2, 3), (4, 2), (4, 3)]

Time elapsed: 0.00003600 seconds
Input: [1, 3, 4, 2]-[1, 4, 3, 2]-[3, 1, 4, 2]
Approximation cost: 2
-----
[(1, 2), (1, 3), (1, 4), (3, 2), (4, 2)]
[(1, 2), (1, 4), (3, 1), (3, 2), (3, 4), (4, 2)]

Time elapsed: 0.00005200 seconds
Input: [1, 2, 3, 4]-[1, 2, 4, 3]-[2, 1, 3, 4]-[2, 1, 4, 3]-[2, 3, 1, 4]
Approximation cost: 2
-----
[(1, 3), (1, 4), (2, 3), (2, 4)]
[(1, 4), (2, 1), (2, 3), (2, 4), (3, 1), (3, 4)]

Time elapsed: 0.00005980 seconds
Input: [1, 3, 2, 4]-[3, 1, 2, 4]-[3, 2, 1, 4]
Approximation cost: 2
-----
[(1, 2), (1, 4), (2, 4), (3, 2), (3, 4)]
[(1, 4), (2, 1), (2, 4), (3, 1), (3, 2), (3, 4)]

Time elapsed: 0.00001440 seconds
Input: [1, 4, 3, 2]
Approximation cost: 1
-----
[(1, 2), (1, 3), (1, 4), (3, 2), (4, 2), (4, 3)]

Time elapsed: 0.00005020 seconds
Input: [1, 2, 4, 3]-[1, 4, 2, 3]-[2, 1, 4, 3]
Approximation cost: 2
-----
[(1, 2), (1, 3), (1, 4), (2, 3), (4, 3)]
[(1, 3), (1, 4), (2, 1), (2, 3), (2, 4), (4, 3)]

Time elapsed: 0.00008720 seconds
Input: [1, 3, 2, 4]-[1, 3, 4, 2]-[3, 1, 2, 4]-[3, 1, 4, 2]-[3, 2, 1, 4]
Approximation cost: 2
-----
[(1, 2), (1, 4), (3, 2), (3, 4)]
[(1, 4), (2, 1), (2, 4), (3, 1), (3, 2), (3, 4)]

Time elapsed: 0.00006300 seconds
Input: [1, 2, 3, 4]-[2, 1, 3, 4]-[2, 3, 1, 4]
Approximation cost: 2
-----
[(1, 3), (1, 4), (2, 3), (2, 4), (3, 4)]
[(1, 4), (2, 1), (2, 3), (2, 4), (3, 1), (3, 4)]

Time elapsed: 0.00009760 seconds
Input: [4, 1, 2, 3]-[4, 1, 3, 2]-[4, 2, 1, 3]-[4, 2, 3, 1]-[4, 3, 1, 2]-[4, 3, 2, 1]
Approximation cost: 3
-----
[(1, 2), (1, 3), (4, 1), (4, 2), (4, 3)]
[(2, 1), (2, 3), (4, 1), (4, 2), (4, 3)]
[(3, 1), (3, 2), (4, 1), (4, 2), (4, 3)]

Time elapsed: 0.00003730 seconds
Input: [3, 4, 1, 2]-[3, 4, 2, 1]
Approximation cost: 1
-----
[(3, 1), (3, 2), (3, 4), (4, 1), (4, 2)]

Time elapsed: 0.00003380 seconds
Input: [2, 4, 1, 3]-[2, 4, 3, 1]
Approximation cost: 1
-----
[(2, 1), (2, 3), (2, 4), (4, 1), (4, 3)]

Time elapsed: 0.00003760 seconds
Input: [2, 3, 4, 1]-[3, 2, 4, 1]
Approximation cost: 1
-----
[(2, 1), (2, 4), (3, 1), (3, 4), (4, 1)]

Time elapsed: 0.00003480 seconds
Input: [4, 1, 2, 3]-[4, 2, 1, 3]-[4, 2, 3, 1]
Approximation cost: 2
-----
[(1, 3), (2, 3), (4, 1), (4, 2), (4, 3)]
[(2, 1), (2, 3), (3, 1), (4, 1), (4, 2), (4, 3)]

Time elapsed: 0.00010350 seconds
Input: [3, 4, 1, 2]-[3, 4, 2, 1]-[4, 1, 3, 2]-[4, 3, 1, 2]-[4, 3, 2, 1]
Approximation cost: 3
-----
[(3, 1), (3, 2), (3, 4), (4, 1), (4, 2)]
[(1, 2), (3, 2), (4, 1), (4, 2), (4, 3)]
[(2, 1), (3, 1), (3, 2), (4, 1), (4, 2), (4, 3)]

Time elapsed: 0.00006410 seconds
Input: [2, 3, 4, 1]-[2, 4, 1, 3]-[2, 4, 3, 1]
Approximation cost: 2
-----
[(2, 1), (2, 3), (2, 4), (3, 1), (4, 1)]
[(1, 3), (2, 1), (2, 3), (2, 4), (4, 1), (4, 3)]

Time elapsed: 0.00001960 seconds
Input: [3, 2, 4, 1]
Approximation cost: 1
-----
[(2, 1), (2, 4), (3, 1), (3, 2), (3, 4), (4, 1)]

Time elapsed: 0.00004490 seconds
Input: [4, 1, 3, 2]-[4, 3, 1, 2]-[4, 3, 2, 1]
Approximation cost: 2
-----
[(1, 2), (3, 2), (4, 1), (4, 2), (4, 3)]
[(2, 1), (3, 1), (3, 2), (4, 1), (4, 2), (4, 3)]

Time elapsed: 0.00008050 seconds
Input: [2, 4, 1, 3]-[2, 4, 3, 1]-[4, 1, 2, 3]-[4, 2, 1, 3]-[4, 2, 3, 1]
Approximation cost: 3
-----
[(2, 1), (2, 3), (2, 4), (4, 1), (4, 3)]
[(1, 3), (2, 3), (4, 1), (4, 2), (4, 3)]
[(2, 1), (2, 3), (3, 1), (4, 1), (4, 2), (4, 3)]

Time elapsed: 0.00003740 seconds
Input: [3, 2, 4, 1]-[3, 4, 1, 2]-[3, 4, 2, 1]
Approximation cost: 2
-----
[(2, 1), (3, 1), (3, 2), (3, 4), (4, 1)]
[(1, 2), (3, 1), (3, 2), (3, 4), (4, 1), (4, 2)]

Time elapsed: 0.00001410 seconds
Input: [2, 3, 4, 1]
Approximation cost: 1
-----
[(2, 1), (2, 3), (2, 4), (3, 1), (3, 4), (4, 1)]

