Time elapsed: 0.00022163 seconds
Input: [1, 2, 3, 4]-[1, 2, 4, 3]-[1, 3, 2, 4]-[1, 3, 4, 2]-[1, 4, 2, 3]-[1, 4, 3, 2]
Approximation cost: 7
-----
[(1, 2), (1, 3), (1, 4), (2, 3), (2, 4)]
[(1, 2), (1, 3), (1, 4), (2, 4), (3, 4)]
[(1, 2), (1, 3), (1, 4), (2, 3), (4, 3)]
[(1, 2), (1, 3), (1, 4), (3, 2), (3, 4)]
[(1, 2), (1, 3), (1, 4), (3, 2), (4, 2)]
[(1, 2), (1, 3), (1, 4), (4, 2), (4, 3)]
[(1, 2), (1, 3), (1, 4), (3, 2), (4, 2), (4, 3)]

Time elapsed: 0.00004067 seconds
Input: [4, 1, 2, 3]-[4, 1, 3, 2]
Approximation cost: 2
-----
[(1, 2), (1, 3), (4, 1), (4, 2), (4, 3)]
[(1, 2), (1, 3), (3, 2), (4, 1), (4, 2), (4, 3)]

Time elapsed: 0.00003472 seconds
Input: [3, 1, 2, 4]-[3, 1, 4, 2]
Approximation cost: 2
-----
[(1, 2), (1, 4), (3, 1), (3, 2), (3, 4)]
[(1, 2), (1, 4), (3, 1), (3, 2), (3, 4), (4, 2)]

Time elapsed: 0.00003415 seconds
Input: [3, 4, 1, 2]-[4, 3, 1, 2]
Approximation cost: 2
-----
[(1, 2), (3, 1), (3, 2), (4, 1), (4, 2)]
[(1, 2), (3, 1), (3, 2), (4, 1), (4, 2), (4, 3)]

Time elapsed: 0.00006365 seconds
Input: [1, 2, 3, 4]-[1, 3, 2, 4]-[1, 3, 4, 2]
Approximation cost: 3
-----
[(1, 2), (1, 3), (1, 4), (2, 4), (3, 4)]
[(1, 2), (1, 3), (1, 4), (3, 2), (3, 4)]
[(1, 2), (1, 3), (1, 4), (3, 2), (3, 4), (4, 2)]

Time elapsed: 0.00016998 seconds
Input: [1, 2, 4, 3]-[1, 4, 2, 3]-[1, 4, 3, 2]-[4, 1, 2, 3]-[4, 1, 3, 2]
Approximation cost: 6
-----
[(1, 2), (1, 3), (1, 4), (2, 3), (4, 3)]
[(1, 2), (1, 3), (4, 2), (4, 3)]
[(1, 2), (1, 3), (4, 2), (4, 3)]
[(1, 2), (1, 3), (3, 2), (4, 2), (4, 3)]
[(1, 2), (1, 3), (4, 1), (4, 2), (4, 3)]
[(1, 2), (1, 3), (3, 2), (4, 1), (4, 2), (4, 3)]

Time elapsed: 0.00005763 seconds
Input: [3, 1, 2, 4]-[3, 1, 4, 2]-[3, 4, 1, 2]
Approximation cost: 3
-----
[(1, 2), (1, 4), (3, 1), (3, 2), (3, 4)]
[(1, 2), (3, 1), (3, 2), (3, 4), (4, 2)]
[(1, 2), (3, 1), (3, 2), (3, 4), (4, 1), (4, 2)]

Time elapsed: 0.00001327 seconds
Input: [4, 3, 1, 2]
Approximation cost: 1
-----
[(1, 2), (3, 1), (3, 2), (4, 1), (4, 2), (4, 3)]

Time elapsed: 0.00005504 seconds
Input: [1, 2, 4, 3]-[1, 4, 2, 3]-[1, 4, 3, 2]
Approximation cost: 3
-----
[(1, 2), (1, 3), (1, 4), (2, 3), (4, 3)]
[(1, 2), (1, 3), (1, 4), (4, 2), (4, 3)]
[(1, 2), (1, 3), (1, 4), (3, 2), (4, 2), (4, 3)]

Time elapsed: 0.00016701 seconds
Input: [1, 2, 3, 4]-[1, 3, 2, 4]-[1, 3, 4, 2]-[3, 1, 2, 4]-[3, 1, 4, 2]
Approximation cost: 6
-----
[(1, 2), (1, 3), (1, 4), (2, 4), (3, 4)]
[(1, 2), (1, 4), (3, 2), (3, 4)]
[(1, 2), (1, 4), (3, 2), (3, 4)]
[(1, 2), (1, 4), (3, 2), (3, 4), (4, 2)]
[(1, 2), (1, 4), (3, 1), (3, 2), (3, 4)]
[(1, 2), (1, 4), (3, 1), (3, 2), (3, 4), (4, 2)]

Time elapsed: 0.00005709 seconds
Input: [4, 1, 2, 3]-[4, 1, 3, 2]-[4, 3, 1, 2]
Approximation cost: 3
-----
[(1, 2), (1, 3), (4, 1), (4, 2), (4, 3)]
[(1, 2), (3, 2), (4, 1), (4, 2), (4, 3)]
[(1, 2), (3, 1), (3, 2), (4, 1), (4, 2), (4, 3)]

Time elapsed: 0.00001311 seconds
Input: [3, 4, 1, 2]
Approximation cost: 1
-----
[(1, 2), (3, 1), (3, 2), (3, 4), (4, 1), (4, 2)]

Time elapsed: 0.00003307 seconds
Input: [2, 1, 3, 4]-[2, 1, 4, 3]
Approximation cost: 2
-----
[(1, 3), (1, 4), (2, 1), (2, 3), (2, 4)]
[(1, 3), (1, 4), (2, 1), (2, 3), (2, 4), (4, 3)]

Time elapsed: 0.00003316 seconds
Input: [2, 4, 1, 3]-[4, 2, 1, 3]
Approximation cost: 2
-----
[(1, 3), (2, 1), (2, 3), (4, 1), (4, 3)]
[(1, 3), (2, 1), (2, 3), (4, 1), (4, 2), (4, 3)]

Time elapsed: 0.00003303 seconds
Input: [2, 3, 1, 4]-[3, 2, 1, 4]
Approximation cost: 2
-----
[(1, 4), (2, 1), (2, 4), (3, 1), (3, 4)]
[(1, 4), (2, 1), (2, 4), (3, 1), (3, 2), (3, 4)]

Time elapsed: 0.00016719 seconds
Input: [2, 3, 4, 1]-[2, 4, 3, 1]-[3, 2, 4, 1]-[3, 4, 2, 1]-[4, 2, 3, 1]-[4, 3, 2, 1]
Approximation cost: 7
-----
[(2, 1), (2, 3), (2, 4), (3, 1), (4, 1)]
[(2, 1), (2, 4), (3, 1), (3, 4), (4, 1)]
[(2, 1), (2, 3), (3, 1), (4, 1), (4, 3)]
[(2, 1), (3, 1), (3, 2), (3, 4), (4, 1)]
[(2, 1), (3, 1), (3, 2), (4, 1), (4, 2)]
[(2, 1), (3, 1), (4, 1), (4, 2), (4, 3)]
[(2, 1), (3, 1), (3, 2), (4, 1), (4, 2), (4, 3)]

Time elapsed: 0.00002422 seconds
Input: [2, 1, 3, 4]
Approximation cost: 1
-----
[(1, 3), (1, 4), (2, 1), (2, 3), (2, 4), (3, 4)]

Time elapsed: 0.00005614 seconds
Input: [2, 1, 4, 3]-[2, 4, 1, 3]-[4, 2, 1, 3]
Approximation cost: 3
-----
[(1, 3), (2, 1), (2, 3), (2, 4), (4, 3)]
[(1, 3), (2, 1), (2, 3), (4, 1), (4, 3)]
[(1, 3), (2, 1), (2, 3), (4, 1), (4, 2), (4, 3)]

Time elapsed: 0.00017192 seconds
Input: [2, 3, 1, 4]-[2, 3, 4, 1]-[3, 2, 1, 4]-[3, 2, 4, 1]-[3, 4, 2, 1]
Approximation cost: 6
-----
[(2, 1), (2, 4), (3, 1), (3, 4)]
[(2, 1), (2, 4), (3, 1), (3, 4)]
[(2, 1), (2, 4), (3, 1), (3, 4), (4, 1)]
[(2, 1), (2, 4), (3, 1), (3, 2), (3, 4)]
[(2, 1), (3, 1), (3, 2), (3, 4), (4, 1)]
[(2, 1), (3, 1), (3, 2), (3, 4), (4, 1), (4, 2)]

Time elapsed: 0.00005573 seconds
Input: [2, 4, 3, 1]-[4, 2, 3, 1]-[4, 3, 2, 1]
Approximation cost: 3
-----
[(2, 1), (2, 3), (3, 1), (4, 1), (4, 3)]
[(2, 1), (3, 1), (4, 1), (4, 2), (4, 3)]
[(2, 1), (3, 1), (3, 2), (4, 1), (4, 2), (4, 3)]

Time elapsed: 0.00001296 seconds
Input: [2, 1, 4, 3]
Approximation cost: 1
-----
[(1, 3), (1, 4), (2, 1), (2, 3), (2, 4), (4, 3)]

Time elapsed: 0.00005449 seconds
Input: [2, 1, 3, 4]-[2, 3, 1, 4]-[3, 2, 1, 4]
Approximation cost: 3
-----
[(1, 4), (2, 1), (2, 3), (2, 4), (3, 4)]
[(1, 4), (2, 1), (2, 4), (3, 1), (3, 4)]
[(1, 4), (2, 1), (2, 4), (3, 1), (3, 2), (3, 4)]

Time elapsed: 0.00016861 seconds
Input: [2, 4, 1, 3]-[2, 4, 3, 1]-[4, 2, 1, 3]-[4, 2, 3, 1]-[4, 3, 2, 1]
Approximation cost: 6
-----
[(2, 1), (2, 3), (4, 1), (4, 3)]
[(2, 1), (2, 3), (4, 1), (4, 3)]
[(2, 1), (2, 3), (3, 1), (4, 1), (4, 3)]
[(2, 1), (2, 3), (4, 1), (4, 2), (4, 3)]
[(2, 1), (3, 1), (4, 1), (4, 2), (4, 3)]
[(2, 1), (3, 1), (3, 2), (4, 1), (4, 2), (4, 3)]

Time elapsed: 0.00005708 seconds
Input: [2, 3, 4, 1]-[3, 2, 4, 1]-[3, 4, 2, 1]
Approximation cost: 3
-----
[(2, 1), (2, 4), (3, 1), (3, 4), (4, 1)]
[(2, 1), (3, 1), (3, 2), (3, 4), (4, 1)]
[(2, 1), (3, 1), (3, 2), (3, 4), (4, 1), (4, 2)]

Time elapsed: 0.00003333 seconds
Input: [1, 2, 3, 4]-[1, 2, 4, 3]
Approximation cost: 2
-----
[(1, 2), (1, 3), (1, 4), (2, 3), (2, 4)]
[(1, 2), (1, 3), (1, 4), (2, 3), (2, 4), (4, 3)]

Time elapsed: 0.00003258 seconds
Input: [1, 4, 2, 3]-[4, 1, 2, 3]
Approximation cost: 2
-----
[(1, 2), (1, 3), (2, 3), (4, 2), (4, 3)]
[(1, 2), (1, 3), (2, 3), (4, 1), (4, 2), (4, 3)]

Time elapsed: 0.00003246 seconds
Input: [1, 3, 2, 4]-[3, 1, 2, 4]
Approximation cost: 2
-----
[(1, 2), (1, 4), (2, 4), (3, 2), (3, 4)]
[(1, 2), (1, 4), (2, 4), (3, 1), (3, 2), (3, 4)]

Time elapsed: 0.00016797 seconds
Input: [1, 3, 4, 2]-[1, 4, 3, 2]-[3, 1, 4, 2]-[3, 4, 1, 2]-[4, 1, 3, 2]-[4, 3, 1, 2]
Approximation cost: 7
-----
[(1, 2), (1, 3), (1, 4), (3, 2), (4, 2)]
[(1, 2), (1, 4), (3, 2), (3, 4), (4, 2)]
[(1, 2), (1, 3), (3, 2), (4, 2), (4, 3)]
[(1, 2), (3, 1), (3, 2), (3, 4), (4, 2)]
[(1, 2), (3, 1), (3, 2), (4, 1), (4, 2)]
[(1, 2), (3, 2), (4, 1), (4, 2), (4, 3)]
[(1, 2), (3, 1), (3, 2), (4, 1), (4, 2), (4, 3)]

Time elapsed: 0.00001489 seconds
Input: [1, 2, 3, 4]
Approximation cost: 1
-----
[(1, 2), (1, 3), (1, 4), (2, 3), (2, 4), (3, 4)]

Time elapsed: 0.00006118 seconds
Input: [1, 2, 4, 3]-[1, 4, 2, 3]-[4, 1, 2, 3]
Approximation cost: 3
-----
[(1, 2), (1, 3), (1, 4), (2, 3), (4, 3)]
[(1, 2), (1, 3), (2, 3), (4, 2), (4, 3)]
[(1, 2), (1, 3), (2, 3), (4, 1), (4, 2), (4, 3)]

Time elapsed: 0.00016836 seconds
Input: [1, 3, 2, 4]-[1, 3, 4, 2]-[3, 1, 2, 4]-[3, 1, 4, 2]-[3, 4, 1, 2]
Approximation cost: 6
-----
[(1, 2), (1, 4), (3, 2), (3, 4)]
[(1, 2), (1, 4), (3, 2), (3, 4)]
[(1, 2), (1, 4), (3, 2), (3, 4), (4, 2)]
[(1, 2), (1, 4), (3, 1), (3, 2), (3, 4)]
[(1, 2), (3, 1), (3, 2), (3, 4), (4, 2)]
[(1, 2), (3, 1), (3, 2), (3, 4), (4, 1), (4, 2)]

Time elapsed: 0.00005697 seconds
Input: [1, 4, 3, 2]-[4, 1, 3, 2]-[4, 3, 1, 2]
Approximation cost: 3
-----
[(1, 2), (1, 3), (3, 2), (4, 2), (4, 3)]
[(1, 2), (3, 2), (4, 1), (4, 2), (4, 3)]
[(1, 2), (3, 1), (3, 2), (4, 1), (4, 2), (4, 3)]

Time elapsed: 0.00001286 seconds
Input: [1, 2, 4, 3]
Approximation cost: 1
-----
[(1, 2), (1, 3), (1, 4), (2, 3), (2, 4), (4, 3)]

Time elapsed: 0.00005404 seconds
Input: [1, 2, 3, 4]-[1, 3, 2, 4]-[3, 1, 2, 4]
Approximation cost: 3
-----
[(1, 2), (1, 3), (1, 4), (2, 4), (3, 4)]
[(1, 2), (1, 4), (2, 4), (3, 2), (3, 4)]
[(1, 2), (1, 4), (2, 4), (3, 1), (3, 2), (3, 4)]

Time elapsed: 0.00017331 seconds
Input: [1, 4, 2, 3]-[1, 4, 3, 2]-[4, 1, 2, 3]-[4, 1, 3, 2]-[4, 3, 1, 2]
Approximation cost: 6
-----
[(1, 2), (1, 3), (4, 2), (4, 3)]
[(1, 2), (1, 3), (4, 2), (4, 3)]
[(1, 2), (1, 3), (3, 2), (4, 2), (4, 3)]
[(1, 2), (1, 3), (4, 1), (4, 2), (4, 3)]
[(1, 2), (3, 2), (4, 1), (4, 2), (4, 3)]
[(1, 2), (3, 1), (3, 2), (4, 1), (4, 2), (4, 3)]

Time elapsed: 0.00005725 seconds
Input: [1, 3, 4, 2]-[3, 1, 4, 2]-[3, 4, 1, 2]
Approximation cost: 3
-----
[(1, 2), (1, 4), (3, 2), (3, 4), (4, 2)]
[(1, 2), (3, 1), (3, 2), (3, 4), (4, 2)]
[(1, 2), (3, 1), (3, 2), (3, 4), (4, 1), (4, 2)]

Time elapsed: 0.00016721 seconds
Input: [2, 1, 3, 4]-[2, 1, 4, 3]-[2, 3, 1, 4]-[2, 3, 4, 1]-[2, 4, 1, 3]-[2, 4, 3, 1]
Approximation cost: 7
-----
[(1, 3), (1, 4), (2, 1), (2, 3), (2, 4)]
[(1, 4), (2, 1), (2, 3), (2, 4), (3, 4)]
[(1, 3), (2, 1), (2, 3), (2, 4), (4, 3)]
[(2, 1), (2, 3), (2, 4), (3, 1), (3, 4)]
[(2, 1), (2, 3), (2, 4), (3, 1), (4, 1)]
[(2, 1), (2, 3), (2, 4), (4, 1), (4, 3)]
[(2, 1), (2, 3), (2, 4), (3, 1), (4, 1), (4, 3)]

Time elapsed: 0.00003557 seconds
Input: [4, 2, 1, 3]-[4, 2, 3, 1]
Approximation cost: 2
-----
[(2, 1), (2, 3), (4, 1), (4, 2), (4, 3)]
[(2, 1), (2, 3), (3, 1), (4, 1), (4, 2), (4, 3)]

Time elapsed: 0.00003844 seconds
Input: [3, 2, 1, 4]-[3, 2, 4, 1]
Approximation cost: 2
-----
[(2, 1), (2, 4), (3, 1), (3, 2), (3, 4)]
[(2, 1), (2, 4), (3, 1), (3, 2), (3, 4), (4, 1)]

Time elapsed: 0.00003274 seconds
Input: [3, 4, 2, 1]-[4, 3, 2, 1]
Approximation cost: 2
-----
[(2, 1), (3, 1), (3, 2), (4, 1), (4, 2)]
[(2, 1), (3, 1), (3, 2), (4, 1), (4, 2), (4, 3)]

Time elapsed: 0.00005525 seconds
Input: [2, 1, 3, 4]-[2, 3, 1, 4]-[2, 3, 4, 1]
Approximation cost: 3
-----
[(1, 4), (2, 1), (2, 3), (2, 4), (3, 4)]
[(2, 1), (2, 3), (2, 4), (3, 1), (3, 4)]
[(2, 1), (2, 3), (2, 4), (3, 1), (3, 4), (4, 1)]

Time elapsed: 0.00016818 seconds
Input: [2, 1, 4, 3]-[2, 4, 1, 3]-[2, 4, 3, 1]-[4, 2, 1, 3]-[4, 2, 3, 1]
Approximation cost: 6
-----
[(1, 3), (2, 1), (2, 3), (2, 4), (4, 3)]
[(2, 1), (2, 3), (4, 1), (4, 3)]
[(2, 1), (2, 3), (4, 1), (4, 3)]
[(2, 1), (2, 3), (3, 1), (4, 1), (4, 3)]
[(2, 1), (2, 3), (4, 1), (4, 2), (4, 3)]
[(2, 1), (2, 3), (3, 1), (4, 1), (4, 2), (4, 3)]

Time elapsed: 0.00005648 seconds
Input: [3, 2, 1, 4]-[3, 2, 4, 1]-[3, 4, 2, 1]
Approximation cost: 3
-----
[(2, 1), (2, 4), (3, 1), (3, 2), (3, 4)]
[(2, 1), (3, 1), (3, 2), (3, 4), (4, 1)]
[(2, 1), (3, 1), (3, 2), (3, 4), (4, 1), (4, 2)]

Time elapsed: 0.00001303 seconds
Input: [4, 3, 2, 1]
Approximation cost: 1
-----
[(2, 1), (3, 1), (3, 2), (4, 1), (4, 2), (4, 3)]

Time elapsed: 0.00005464 seconds
Input: [2, 1, 4, 3]-[2, 4, 1, 3]-[2, 4, 3, 1]
Approximation cost: 3
-----
[(1, 3), (2, 1), (2, 3), (2, 4), (4, 3)]
[(2, 1), (2, 3), (2, 4), (4, 1), (4, 3)]
[(2, 1), (2, 3), (2, 4), (3, 1), (4, 1), (4, 3)]

Time elapsed: 0.00016787 seconds
Input: [2, 1, 3, 4]-[2, 3, 1, 4]-[2, 3, 4, 1]-[3, 2, 1, 4]-[3, 2, 4, 1]
Approximation cost: 6
-----
[(1, 4), (2, 1), (2, 3), (2, 4), (3, 4)]
[(2, 1), (2, 4), (3, 1), (3, 4)]
[(2, 1), (2, 4), (3, 1), (3, 4)]
[(2, 1), (2, 4), (3, 1), (3, 4), (4, 1)]
[(2, 1), (2, 4), (3, 1), (3, 2), (3, 4)]
[(2, 1), (2, 4), (3, 1), (3, 2), (3, 4), (4, 1)]

Time elapsed: 0.00005634 seconds
Input: [4, 2, 1, 3]-[4, 2, 3, 1]-[4, 3, 2, 1]
Approximation cost: 3
-----
[(2, 1), (2, 3), (4, 1), (4, 2), (4, 3)]
[(2, 1), (3, 1), (4, 1), (4, 2), (4, 3)]
[(2, 1), (3, 1), (3, 2), (4, 1), (4, 2), (4, 3)]

Time elapsed: 0.00001297 seconds
Input: [3, 4, 2, 1]
Approximation cost: 1
-----
[(2, 1), (3, 1), (3, 2), (3, 4), (4, 1), (4, 2)]

Time elapsed: 0.00006121 seconds
Input: [1, 2, 3, 4]-[1, 2, 4, 3]-[1, 3, 2, 4]
Approximation cost: 4
-----
[(1, 2), (1, 3), (1, 4), (2, 3), (2, 4)]
[(1, 2), (1, 3), (1, 4), (2, 4), (3, 4)]
[(1, 2), (1, 3), (1, 4), (2, 3), (2, 4), (4, 3)]
[(1, 2), (1, 3), (1, 4), (2, 4), (3, 2), (3, 4)]

Time elapsed: 0.00017235 seconds
Input: [1, 3, 4, 2]-[1, 4, 2, 3]-[1, 4, 3, 2]-[4, 1, 2, 3]-[4, 1, 3, 2]
Approximation cost: 6
-----
[(1, 2), (1, 3), (1, 4), (3, 2), (4, 2)]
[(1, 2), (1, 3), (4, 2), (4, 3)]
[(1, 2), (1, 3), (4, 2), (4, 3)]
[(1, 2), (1, 3), (3, 2), (4, 2), (4, 3)]
[(1, 2), (1, 3), (4, 1), (4, 2), (4, 3)]
[(1, 2), (1, 3), (3, 2), (4, 1), (4, 2), (4, 3)]

Time elapsed: 0.00005689 seconds
Input: [2, 1, 3, 4]-[2, 1, 4, 3]-[2, 4, 1, 3]
Approximation cost: 3
-----
[(1, 3), (1, 4), (2, 1), (2, 3), (2, 4)]
[(1, 3), (2, 1), (2, 3), (2, 4), (4, 3)]
[(1, 3), (2, 1), (2, 3), (2, 4), (4, 1), (4, 3)]

Time elapsed: 0.00001297 seconds
Input: [4, 2, 1, 3]
Approximation cost: 1
-----
[(1, 3), (2, 1), (2, 3), (4, 1), (4, 2), (4, 3)]

Time elapsed: 0.00005399 seconds
Input: [1, 3, 4, 2]-[1, 4, 2, 3]-[1, 4, 3, 2]
Approximation cost: 3
-----
[(1, 2), (1, 3), (1, 4), (3, 2), (4, 2)]
[(1, 2), (1, 3), (1, 4), (4, 2), (4, 3)]
[(1, 2), (1, 3), (1, 4), (3, 2), (4, 2), (4, 3)]

Time elapsed: 0.00018301 seconds
Input: [1, 2, 3, 4]-[1, 2, 4, 3]-[1, 3, 2, 4]-[2, 1, 3, 4]-[2, 1, 4, 3]
Approximation cost: 7
-----
[(1, 3), (1, 4), (2, 3), (2, 4)]
[(1, 2), (1, 3), (1, 4), (2, 4), (3, 4)]
[(1, 3), (1, 4), (2, 3), (2, 4)]
[(1, 3), (1, 4), (2, 3), (2, 4), (4, 3)]
[(1, 2), (1, 3), (1, 4), (2, 4), (3, 2), (3, 4)]
[(1, 3), (1, 4), (2, 1), (2, 3), (2, 4)]
[(1, 3), (1, 4), (2, 1), (2, 3), (2, 4), (4, 3)]

Time elapsed: 0.00006295 seconds
Input: [4, 1, 2, 3]-[4, 1, 3, 2]-[4, 2, 1, 3]
Approximation cost: 4
-----
[(1, 2), (1, 3), (4, 1), (4, 2), (4, 3)]
[(1, 3), (2, 3), (4, 1), (4, 2), (4, 3)]
[(1, 2), (1, 3), (3, 2), (4, 1), (4, 2), (4, 3)]
[(1, 3), (2, 1), (2, 3), (4, 1), (4, 2), (4, 3)]

Time elapsed: 0.00001281 seconds
Input: [2, 4, 1, 3]
Approximation cost: 1
-----
[(1, 3), (2, 1), (2, 3), (2, 4), (4, 1), (4, 3)]

Time elapsed: 0.00001146 seconds
Input: [3, 1, 2, 4]
Approximation cost: 1
-----
[(1, 2), (1, 4), (2, 4), (3, 1), (3, 2), (3, 4)]

Time elapsed: 0.00005333 seconds
Input: [3, 1, 4, 2]-[3, 4, 1, 2]-[4, 3, 1, 2]
Approximation cost: 3
-----
[(1, 2), (3, 1), (3, 2), (3, 4), (4, 2)]
[(1, 2), (3, 1), (3, 2), (4, 1), (4, 2)]
[(1, 2), (3, 1), (3, 2), (4, 1), (4, 2), (4, 3)]

Time elapsed: 0.00018212 seconds
Input: [2, 3, 1, 4]-[2, 3, 4, 1]-[2, 4, 3, 1]-[3, 2, 1, 4]-[3, 2, 4, 1]
Approximation cost: 7
-----
[(2, 1), (2, 4), (3, 1), (3, 4)]
[(2, 1), (2, 4), (3, 1), (3, 4)]
[(2, 1), (2, 3), (2, 4), (3, 1), (4, 1)]
[(2, 1), (2, 4), (3, 1), (3, 4), (4, 1)]
[(2, 1), (2, 3), (2, 4), (3, 1), (4, 1), (4, 3)]
[(2, 1), (2, 4), (3, 1), (3, 2), (3, 4)]
[(2, 1), (2, 4), (3, 1), (3, 2), (3, 4), (4, 1)]

Time elapsed: 0.00005524 seconds
Input: [3, 4, 2, 1]-[4, 2, 3, 1]-[4, 3, 2, 1]
Approximation cost: 3
-----
[(2, 1), (3, 1), (3, 2), (4, 1), (4, 2)]
[(2, 1), (3, 1), (4, 1), (4, 2), (4, 3)]
[(2, 1), (3, 1), (3, 2), (4, 1), (4, 2), (4, 3)]

Time elapsed: 0.00001275 seconds
Input: [3, 1, 4, 2]
Approximation cost: 1
-----
[(1, 2), (1, 4), (3, 1), (3, 2), (3, 4), (4, 2)]

Time elapsed: 0.00005281 seconds
Input: [2, 3, 1, 4]-[3, 1, 2, 4]-[3, 2, 1, 4]
Approximation cost: 3
-----
[(1, 4), (2, 1), (2, 4), (3, 1), (3, 4)]
[(1, 4), (2, 4), (3, 1), (3, 2), (3, 4)]
[(1, 4), (2, 1), (2, 4), (3, 1), (3, 2), (3, 4)]

Time elapsed: 0.00017044 seconds
Input: [3, 4, 1, 2]-[3, 4, 2, 1]-[4, 2, 3, 1]-[4, 3, 1, 2]-[4, 3, 2, 1]
Approximation cost: 6
-----
[(3, 1), (3, 2), (4, 1), (4, 2)]
[(3, 1), (3, 2), (4, 1), (4, 2)]
[(2, 1), (3, 1), (3, 2), (4, 1), (4, 2)]
[(2, 1), (3, 1), (4, 1), (4, 2), (4, 3)]
[(3, 1), (3, 2), (4, 1), (4, 2), (4, 3)]
[(2, 1), (3, 1), (3, 2), (4, 1), (4, 2), (4, 3)]

Time elapsed: 0.00006182 seconds
Input: [2, 3, 4, 1]-[2, 4, 3, 1]-[3, 2, 4, 1]
Approximation cost: 4
-----
[(2, 1), (2, 3), (2, 4), (3, 1), (4, 1)]
[(2, 1), (2, 4), (3, 1), (3, 4), (4, 1)]
[(2, 1), (2, 3), (2, 4), (3, 1), (4, 1), (4, 3)]
[(2, 1), (2, 4), (3, 1), (3, 2), (3, 4), (4, 1)]

Time elapsed: 0.00003296 seconds
Input: [1, 3, 2, 4]-[1, 3, 4, 2]
Approximation cost: 2
-----
[(1, 2), (1, 3), (1, 4), (3, 2), (3, 4)]
[(1, 2), (1, 3), (1, 4), (3, 2), (3, 4), (4, 2)]

Time elapsed: 0.00003211 seconds
Input: [1, 4, 3, 2]-[4, 1, 3, 2]
Approximation cost: 2
-----
[(1, 2), (1, 3), (3, 2), (4, 2), (4, 3)]
[(1, 2), (1, 3), (3, 2), (4, 1), (4, 2), (4, 3)]

Time elapsed: 0.00003524 seconds
Input: [1, 2, 3, 4]-[2, 1, 3, 4]
Approximation cost: 2
-----
[(1, 3), (1, 4), (2, 3), (2, 4), (3, 4)]
[(1, 3), (1, 4), (2, 1), (2, 3), (2, 4), (3, 4)]

Time elapsed: 0.00016570 seconds
Input: [1, 2, 4, 3]-[1, 4, 2, 3]-[2, 1, 4, 3]-[2, 4, 1, 3]-[4, 1, 2, 3]-[4, 2, 1, 3]
Approximation cost: 7
-----
[(1, 2), (1, 3), (1, 4), (2, 3), (4, 3)]
[(1, 3), (1, 4), (2, 3), (2, 4), (4, 3)]
[(1, 2), (1, 3), (2, 3), (4, 2), (4, 3)]
[(1, 3), (2, 1), (2, 3), (2, 4), (4, 3)]
[(1, 3), (2, 1), (2, 3), (4, 1), (4, 3)]
[(1, 3), (2, 3), (4, 1), (4, 2), (4, 3)]
[(1, 3), (2, 1), (2, 3), (4, 1), (4, 2), (4, 3)]

Time elapsed: 0.00001399 seconds
Input: [1, 3, 2, 4]
Approximation cost: 1
-----
[(1, 2), (1, 3), (1, 4), (2, 4), (3, 2), (3, 4)]

Time elapsed: 0.00005379 seconds
Input: [1, 3, 4, 2]-[1, 4, 3, 2]-[4, 1, 3, 2]
Approximation cost: 3
-----
[(1, 2), (1, 3), (1, 4), (3, 2), (4, 2)]
[(1, 2), (1, 3), (3, 2), (4, 2), (4, 3)]
[(1, 2), (1, 3), (3, 2), (4, 1), (4, 2), (4, 3)]

Time elapsed: 0.00016276 seconds
Input: [1, 2, 3, 4]-[1, 2, 4, 3]-[2, 1, 3, 4]-[2, 1, 4, 3]-[2, 4, 1, 3]
Approximation cost: 6
-----
[(1, 3), (1, 4), (2, 3), (2, 4)]
[(1, 3), (1, 4), (2, 3), (2, 4)]
[(1, 3), (1, 4), (2, 3), (2, 4), (4, 3)]
[(1, 3), (1, 4), (2, 1), (2, 3), (2, 4)]
[(1, 3), (2, 1), (2, 3), (2, 4), (4, 3)]
[(1, 3), (2, 1), (2, 3), (2, 4), (4, 1), (4, 3)]

Time elapsed: 0.00005576 seconds
Input: [1, 4, 2, 3]-[4, 1, 2, 3]-[4, 2, 1, 3]
Approximation cost: 3
-----
[(1, 2), (1, 3), (2, 3), (4, 2), (4, 3)]
[(1, 3), (2, 3), (4, 1), (4, 2), (4, 3)]
[(1, 3), (2, 1), (2, 3), (4, 1), (4, 2), (4, 3)]

Time elapsed: 0.00001284 seconds
Input: [1, 3, 4, 2]
Approximation cost: 1
-----
[(1, 2), (1, 3), (1, 4), (3, 2), (3, 4), (4, 2)]

Time elapsed: 0.00005950 seconds
Input: [1, 2, 3, 4]-[1, 3, 2, 4]-[2, 1, 3, 4]
Approximation cost: 4
-----
[(1, 2), (1, 3), (1, 4), (2, 4), (3, 4)]
[(1, 3), (1, 4), (2, 3), (2, 4), (3, 4)]
[(1, 2), (1, 3), (1, 4), (2, 4), (3, 2), (3, 4)]
[(1, 3), (1, 4), (2, 1), (2, 3), (2, 4), (3, 4)]

Time elapsed: 0.00018951 seconds
Input: [1, 4, 2, 3]-[1, 4, 3, 2]-[4, 1, 2, 3]-[4, 1, 3, 2]-[4, 2, 1, 3]
Approximation cost: 7
-----
[(1, 2), (1, 3), (4, 2), (4, 3)]
[(1, 2), (1, 3), (4, 2), (4, 3)]
[(1, 2), (1, 3), (3, 2), (4, 2), (4, 3)]
[(1, 2), (1, 3), (4, 1), (4, 2), (4, 3)]
[(1, 3), (2, 3), (4, 1), (4, 2), (4, 3)]
[(1, 2), (1, 3), (3, 2), (4, 1), (4, 2), (4, 3)]
[(1, 3), (2, 1), (2, 3), (4, 1), (4, 2), (4, 3)]

Time elapsed: 0.00005592 seconds
Input: [1, 2, 4, 3]-[2, 1, 4, 3]-[2, 4, 1, 3]
Approximation cost: 3
-----
[(1, 3), (1, 4), (2, 3), (2, 4), (4, 3)]
[(1, 3), (2, 1), (2, 3), (2, 4), (4, 3)]
[(1, 3), (2, 1), (2, 3), (2, 4), (4, 1), (4, 3)]

Time elapsed: 0.00016526 seconds
Input: [3, 1, 2, 4]-[3, 1, 4, 2]-[3, 2, 1, 4]-[3, 2, 4, 1]-[3, 4, 1, 2]-[3, 4, 2, 1]
Approximation cost: 7
-----
[(1, 2), (1, 4), (3, 1), (3, 2), (3, 4)]
[(1, 4), (2, 4), (3, 1), (3, 2), (3, 4)]
[(1, 2), (3, 1), (3, 2), (3, 4), (4, 2)]
[(2, 1), (2, 4), (3, 1), (3, 2), (3, 4)]
[(2, 1), (3, 1), (3, 2), (3, 4), (4, 1)]
[(3, 1), (3, 2), (3, 4), (4, 1), (4, 2)]
[(2, 1), (3, 1), (3, 2), (3, 4), (4, 1), (4, 2)]

Time elapsed: 0.00003436 seconds
Input: [4, 3, 1, 2]-[4, 3, 2, 1]
Approximation cost: 2
-----
[(3, 1), (3, 2), (4, 1), (4, 2), (4, 3)]
[(2, 1), (3, 1), (3, 2), (4, 1), (4, 2), (4, 3)]

Time elapsed: 0.00003233 seconds
Input: [2, 3, 1, 4]-[2, 3, 4, 1]
Approximation cost: 2
-----
[(2, 1), (2, 3), (2, 4), (3, 1), (3, 4)]
[(2, 1), (2, 3), (2, 4), (3, 1), (3, 4), (4, 1)]

Time elapsed: 0.00003232 seconds
Input: [2, 4, 3, 1]-[4, 2, 3, 1]
Approximation cost: 2
-----
[(2, 1), (2, 3), (3, 1), (4, 1), (4, 3)]
[(2, 1), (2, 3), (3, 1), (4, 1), (4, 2), (4, 3)]

Time elapsed: 0.00005431 seconds
Input: [3, 1, 2, 4]-[3, 2, 1, 4]-[3, 2, 4, 1]
Approximation cost: 3
-----
[(1, 4), (2, 4), (3, 1), (3, 2), (3, 4)]
[(2, 1), (2, 4), (3, 1), (3, 2), (3, 4)]
[(2, 1), (2, 4), (3, 1), (3, 2), (3, 4), (4, 1)]

Time elapsed: 0.00016339 seconds
Input: [3, 1, 4, 2]-[3, 4, 1, 2]-[3, 4, 2, 1]-[4, 3, 1, 2]-[4, 3, 2, 1]
Approximation cost: 6
-----
[(1, 2), (3, 1), (3, 2), (3, 4), (4, 2)]
[(3, 1), (3, 2), (4, 1), (4, 2)]
[(3, 1), (3, 2), (4, 1), (4, 2)]
[(2, 1), (3, 1), (3, 2), (4, 1), (4, 2)]
[(3, 1), (3, 2), (4, 1), (4, 2), (4, 3)]
[(2, 1), (3, 1), (3, 2), (4, 1), (4, 2), (4, 3)]

Time elapsed: 0.00005546 seconds
Input: [2, 3, 1, 4]-[2, 3, 4, 1]-[2, 4, 3, 1]
Approximation cost: 3
-----
[(2, 1), (2, 3), (2, 4), (3, 1), (3, 4)]
[(2, 1), (2, 3), (2, 4), (3, 1), (4, 1)]
[(2, 1), (2, 3), (2, 4), (3, 1), (4, 1), (4, 3)]

Time elapsed: 0.00001297 seconds
Input: [4, 2, 3, 1]
Approximation cost: 1
-----
[(2, 1), (2, 3), (3, 1), (4, 1), (4, 2), (4, 3)]

Time elapsed: 0.00005398 seconds
Input: [3, 1, 4, 2]-[3, 4, 1, 2]-[3, 4, 2, 1]
Approximation cost: 3
-----
[(1, 2), (3, 1), (3, 2), (3, 4), (4, 2)]
[(3, 1), (3, 2), (3, 4), (4, 1), (4, 2)]
[(2, 1), (3, 1), (3, 2), (3, 4), (4, 1), (4, 2)]

Time elapsed: 0.00017042 seconds
Input: [2, 3, 1, 4]-[2, 3, 4, 1]-[3, 1, 2, 4]-[3, 2, 1, 4]-[3, 2, 4, 1]
Approximation cost: 6
-----
[(2, 1), (2, 4), (3, 1), (3, 4)]
[(2, 1), (2, 4), (3, 1), (3, 4)]
[(2, 1), (2, 4), (3, 1), (3, 4), (4, 1)]
[(1, 4), (2, 4), (3, 1), (3, 2), (3, 4)]
[(2, 1), (2, 4), (3, 1), (3, 2), (3, 4)]
[(2, 1), (2, 4), (3, 1), (3, 2), (3, 4), (4, 1)]

Time elapsed: 0.00005510 seconds
Input: [4, 2, 3, 1]-[4, 3, 1, 2]-[4, 3, 2, 1]
Approximation cost: 3
-----
[(2, 1), (3, 1), (4, 1), (4, 2), (4, 3)]
[(3, 1), (3, 2), (4, 1), (4, 2), (4, 3)]
[(2, 1), (3, 1), (3, 2), (4, 1), (4, 2), (4, 3)]

Time elapsed: 0.00001236 seconds
Input: [2, 4, 3, 1]
Approximation cost: 1
-----
[(2, 1), (2, 3), (2, 4), (3, 1), (4, 1), (4, 3)]

Time elapsed: 0.00005315 seconds
Input: [1, 2, 3, 4]-[1, 2, 4, 3]-[1, 4, 2, 3]
Approximation cost: 3
-----
[(1, 2), (1, 3), (1, 4), (2, 3), (2, 4)]
[(1, 2), (1, 3), (1, 4), (2, 3), (4, 3)]
[(1, 2), (1, 3), (1, 4), (2, 3), (4, 2), (4, 3)]

Time elapsed: 0.00018021 seconds
Input: [1, 3, 2, 4]-[1, 3, 4, 2]-[1, 4, 3, 2]-[3, 1, 2, 4]-[3, 1, 4, 2]
Approximation cost: 7
-----
[(1, 2), (1, 4), (3, 2), (3, 4)]
[(1, 2), (1, 4), (3, 2), (3, 4)]
[(1, 2), (1, 3), (1, 4), (3, 2), (4, 2)]
[(1, 2), (1, 4), (3, 2), (3, 4), (4, 2)]
[(1, 2), (1, 3), (1, 4), (3, 2), (4, 2), (4, 3)]
[(1, 2), (1, 4), (3, 1), (3, 2), (3, 4)]
[(1, 2), (1, 4), (3, 1), (3, 2), (3, 4), (4, 2)]

Time elapsed: 0.00006132 seconds
Input: [2, 1, 3, 4]-[2, 1, 4, 3]-[2, 3, 1, 4]
Approximation cost: 4
-----
[(1, 3), (1, 4), (2, 1), (2, 3), (2, 4)]
[(1, 4), (2, 1), (2, 3), (2, 4), (3, 4)]
[(1, 3), (1, 4), (2, 1), (2, 3), (2, 4), (4, 3)]
[(1, 4), (2, 1), (2, 3), (2, 4), (3, 1), (3, 4)]

Time elapsed: 0.00001252 seconds
Input: [3, 2, 1, 4]
Approximation cost: 1
-----
[(1, 4), (2, 1), (2, 4), (3, 1), (3, 2), (3, 4)]

Time elapsed: 0.00005299 seconds
Input: [1, 3, 2, 4]-[1, 3, 4, 2]-[1, 4, 3, 2]
Approximation cost: 3
-----
[(1, 2), (1, 3), (1, 4), (3, 2), (3, 4)]
[(1, 2), (1, 3), (1, 4), (3, 2), (4, 2)]
[(1, 2), (1, 3), (1, 4), (3, 2), (4, 2), (4, 3)]

Time elapsed: 0.00018592 seconds
Input: [1, 2, 3, 4]-[1, 2, 4, 3]-[1, 4, 2, 3]-[2, 1, 3, 4]-[2, 1, 4, 3]
Approximation cost: 7
-----
[(1, 3), (1, 4), (2, 3), (2, 4)]
[(1, 3), (1, 4), (2, 3), (2, 4)]
[(1, 2), (1, 3), (1, 4), (2, 3), (4, 3)]
[(1, 3), (1, 4), (2, 3), (2, 4), (4, 3)]
[(1, 2), (1, 3), (1, 4), (2, 3), (4, 2), (4, 3)]
[(1, 3), (1, 4), (2, 1), (2, 3), (2, 4)]
[(1, 3), (1, 4), (2, 1), (2, 3), (2, 4), (4, 3)]

Time elapsed: 0.00006229 seconds
Input: [3, 1, 2, 4]-[3, 1, 4, 2]-[3, 2, 1, 4]
Approximation cost: 4
-----
[(1, 2), (1, 4), (3, 1), (3, 2), (3, 4)]
[(1, 4), (2, 4), (3, 1), (3, 2), (3, 4)]
[(1, 2), (1, 4), (3, 1), (3, 2), (3, 4), (4, 2)]
[(1, 4), (2, 1), (2, 4), (3, 1), (3, 2), (3, 4)]

Time elapsed: 0.00001811 seconds
Input: [2, 3, 1, 4]
Approximation cost: 1
-----
[(1, 4), (2, 1), (2, 3), (2, 4), (3, 1), (3, 4)]

Time elapsed: 0.00001193 seconds
Input: [4, 1, 2, 3]
Approximation cost: 1
-----
[(1, 2), (1, 3), (2, 3), (4, 1), (4, 2), (4, 3)]

Time elapsed: 0.00005321 seconds
Input: [3, 4, 1, 2]-[4, 1, 3, 2]-[4, 3, 1, 2]
Approximation cost: 3
-----
[(1, 2), (3, 1), (3, 2), (4, 1), (4, 2)]
[(1, 2), (3, 2), (4, 1), (4, 2), (4, 3)]
[(1, 2), (3, 1), (3, 2), (4, 1), (4, 2), (4, 3)]

Time elapsed: 0.00016702 seconds
Input: [2, 3, 4, 1]-[2, 4, 1, 3]-[2, 4, 3, 1]-[4, 2, 1, 3]-[4, 2, 3, 1]
Approximation cost: 6
-----
[(2, 1), (2, 3), (2, 4), (3, 1), (4, 1)]
[(2, 1), (2, 3), (4, 1), (4, 3)]
[(2, 1), (2, 3), (4, 1), (4, 3)]
[(2, 1), (2, 3), (3, 1), (4, 1), (4, 3)]
[(2, 1), (2, 3), (4, 1), (4, 2), (4, 3)]
[(2, 1), (2, 3), (3, 1), (4, 1), (4, 2), (4, 3)]

Time elapsed: 0.00005561 seconds
Input: [3, 2, 4, 1]-[3, 4, 2, 1]-[4, 3, 2, 1]
Approximation cost: 3
-----
[(2, 1), (3, 1), (3, 2), (3, 4), (4, 1)]
[(2, 1), (3, 1), (3, 2), (4, 1), (4, 2)]
[(2, 1), (3, 1), (3, 2), (4, 1), (4, 2), (4, 3)]

Time elapsed: 0.00001285 seconds
Input: [4, 1, 3, 2]
Approximation cost: 1
-----
[(1, 2), (1, 3), (3, 2), (4, 1), (4, 2), (4, 3)]

Time elapsed: 0.00005393 seconds
Input: [2, 4, 1, 3]-[4, 1, 2, 3]-[4, 2, 1, 3]
Approximation cost: 3
-----
[(1, 3), (2, 1), (2, 3), (4, 1), (4, 3)]
[(1, 3), (2, 3), (4, 1), (4, 2), (4, 3)]
[(1, 3), (2, 1), (2, 3), (4, 1), (4, 2), (4, 3)]

Time elapsed: 0.00016306 seconds
Input: [3, 2, 4, 1]-[3, 4, 1, 2]-[3, 4, 2, 1]-[4, 3, 1, 2]-[4, 3, 2, 1]
Approximation cost: 6
-----
[(2, 1), (3, 1), (3, 2), (3, 4), (4, 1)]
[(3, 1), (3, 2), (4, 1), (4, 2)]
[(3, 1), (3, 2), (4, 1), (4, 2)]
[(2, 1), (3, 1), (3, 2), (4, 1), (4, 2)]
[(3, 1), (3, 2), (4, 1), (4, 2), (4, 3)]
[(2, 1), (3, 1), (3, 2), (4, 1), (4, 2), (4, 3)]

Time elapsed: 0.00005520 seconds
Input: [2, 3, 4, 1]-[2, 4, 3, 1]-[4, 2, 3, 1]
Approximation cost: 3
-----
[(2, 1), (2, 3), (2, 4), (3, 1), (4, 1)]
[(2, 1), (2, 3), (3, 1), (4, 1), (4, 3)]
[(2, 1), (2, 3), (3, 1), (4, 1), (4, 2), (4, 3)]

Time elapsed: 0.00003220 seconds
Input: [1, 4, 2, 3]-[1, 4, 3, 2]
Approximation cost: 2
-----
[(1, 2), (1, 3), (1, 4), (4, 2), (4, 3)]
[(1, 2), (1, 3), (1, 4), (3, 2), (4, 2), (4, 3)]

Time elapsed: 0.00003205 seconds
Input: [1, 3, 4, 2]-[3, 1, 4, 2]
Approximation cost: 2
-----
[(1, 2), (1, 4), (3, 2), (3, 4), (4, 2)]
[(1, 2), (1, 4), (3, 1), (3, 2), (3, 4), (4, 2)]

Time elapsed: 0.00003169 seconds
Input: [1, 2, 4, 3]-[2, 1, 4, 3]
Approximation cost: 2
-----
[(1, 3), (1, 4), (2, 3), (2, 4), (4, 3)]
[(1, 3), (1, 4), (2, 1), (2, 3), (2, 4), (4, 3)]

Time elapsed: 0.00016873 seconds
Input: [1, 2, 3, 4]-[1, 3, 2, 4]-[2, 1, 3, 4]-[2, 3, 1, 4]-[3, 1, 2, 4]-[3, 2, 1, 4]
Approximation cost: 7
-----
[(1, 2), (1, 3), (1, 4), (2, 4), (3, 4)]
[(1, 3), (1, 4), (2, 3), (2, 4), (3, 4)]
[(1, 2), (1, 4), (2, 4), (3, 2), (3, 4)]
[(1, 4), (2, 1), (2, 3), (2, 4), (3, 4)]
[(1, 4), (2, 1), (2, 4), (3, 1), (3, 4)]
[(1, 4), (2, 4), (3, 1), (3, 2), (3, 4)]
[(1, 4), (2, 1), (2, 4), (3, 1), (3, 2), (3, 4)]

Time elapsed: 0.00001484 seconds
Input: [1, 4, 2, 3]
Approximation cost: 1
-----
[(1, 2), (1, 3), (1, 4), (2, 3), (4, 2), (4, 3)]

Time elapsed: 0.00006079 seconds
Input: [1, 3, 4, 2]-[1, 4, 3, 2]-[3, 1, 4, 2]
Approximation cost: 4
-----
[(1, 2), (1, 3), (1, 4), (3, 2), (4, 2)]
[(1, 2), (1, 4), (3, 2), (3, 4), (4, 2)]
[(1, 2), (1, 3), (1, 4), (3, 2), (4, 2), (4, 3)]
[(1, 2), (1, 4), (3, 1), (3, 2), (3, 4), (4, 2)]

Time elapsed: 0.00018138 seconds
Input: [1, 2, 3, 4]-[1, 2, 4, 3]-[2, 1, 3, 4]-[2, 1, 4, 3]-[2, 3, 1, 4]
Approximation cost: 7
-----
[(1, 3), (1, 4), (2, 3), (2, 4)]
[(1, 3), (1, 4), (2, 3), (2, 4)]
[(1, 3), (1, 4), (2, 3), (2, 4), (4, 3)]
[(1, 3), (1, 4), (2, 1), (2, 3), (2, 4)]
[(1, 4), (2, 1), (2, 3), (2, 4), (3, 4)]
[(1, 3), (1, 4), (2, 1), (2, 3), (2, 4), (4, 3)]
[(1, 4), (2, 1), (2, 3), (2, 4), (3, 1), (3, 4)]

Time elapsed: 0.00005566 seconds
Input: [1, 3, 2, 4]-[3, 1, 2, 4]-[3, 2, 1, 4]
Approximation cost: 3
-----
[(1, 2), (1, 4), (2, 4), (3, 2), (3, 4)]
[(1, 4), (2, 4), (3, 1), (3, 2), (3, 4)]
[(1, 4), (2, 1), (2, 4), (3, 1), (3, 2), (3, 4)]

Time elapsed: 0.00001227 seconds
Input: [1, 4, 3, 2]
Approximation cost: 1
-----
[(1, 2), (1, 3), (1, 4), (3, 2), (4, 2), (4, 3)]

Time elapsed: 0.00006002 seconds
Input: [1, 2, 4, 3]-[1, 4, 2, 3]-[2, 1, 4, 3]
Approximation cost: 4
-----
[(1, 2), (1, 3), (1, 4), (2, 3), (4, 3)]
[(1, 3), (1, 4), (2, 3), (2, 4), (4, 3)]
[(1, 2), (1, 3), (1, 4), (2, 3), (4, 2), (4, 3)]
[(1, 3), (1, 4), (2, 1), (2, 3), (2, 4), (4, 3)]

Time elapsed: 0.00018207 seconds
Input: [1, 3, 2, 4]-[1, 3, 4, 2]-[3, 1, 2, 4]-[3, 1, 4, 2]-[3, 2, 1, 4]
Approximation cost: 7
-----
[(1, 2), (1, 4), (3, 2), (3, 4)]
[(1, 2), (1, 4), (3, 2), (3, 4)]
[(1, 2), (1, 4), (3, 2), (3, 4), (4, 2)]
[(1, 2), (1, 4), (3, 1), (3, 2), (3, 4)]
[(1, 4), (2, 4), (3, 1), (3, 2), (3, 4)]
[(1, 2), (1, 4), (3, 1), (3, 2), (3, 4), (4, 2)]
[(1, 4), (2, 1), (2, 4), (3, 1), (3, 2), (3, 4)]

Time elapsed: 0.00005518 seconds
Input: [1, 2, 3, 4]-[2, 1, 3, 4]-[2, 3, 1, 4]
Approximation cost: 3
-----
[(1, 3), (1, 4), (2, 3), (2, 4), (3, 4)]
[(1, 4), (2, 1), (2, 3), (2, 4), (3, 4)]
[(1, 4), (2, 1), (2, 3), (2, 4), (3, 1), (3, 4)]

Time elapsed: 0.00016470 seconds
Input: [4, 1, 2, 3]-[4, 1, 3, 2]-[4, 2, 1, 3]-[4, 2, 3, 1]-[4, 3, 1, 2]-[4, 3, 2, 1]
Approximation cost: 7
-----
[(1, 2), (1, 3), (4, 1), (4, 2), (4, 3)]
[(1, 3), (2, 3), (4, 1), (4, 2), (4, 3)]
[(1, 2), (3, 2), (4, 1), (4, 2), (4, 3)]
[(2, 1), (2, 3), (4, 1), (4, 2), (4, 3)]
[(2, 1), (3, 1), (4, 1), (4, 2), (4, 3)]
[(3, 1), (3, 2), (4, 1), (4, 2), (4, 3)]
[(2, 1), (3, 1), (3, 2), (4, 1), (4, 2), (4, 3)]

Time elapsed: 0.00003407 seconds
Input: [3, 4, 1, 2]-[3, 4, 2, 1]
Approximation cost: 2
-----
[(3, 1), (3, 2), (3, 4), (4, 1), (4, 2)]
[(2, 1), (3, 1), (3, 2), (3, 4), (4, 1), (4, 2)]

Time elapsed: 0.00003291 seconds
Input: [2, 4, 1, 3]-[2, 4, 3, 1]
Approximation cost: 2
-----
[(2, 1), (2, 3), (2, 4), (4, 1), (4, 3)]
[(2, 1), (2, 3), (2, 4), (3, 1), (4, 1), (4, 3)]

Time elapsed: 0.00003193 seconds
Input: [2, 3, 4, 1]-[3, 2, 4, 1]
Approximation cost: 2
-----
[(2, 1), (2, 4), (3, 1), (3, 4), (4, 1)]
[(2, 1), (2, 4), (3, 1), (3, 2), (3, 4), (4, 1)]

Time elapsed: 0.00005353 seconds
Input: [4, 1, 2, 3]-[4, 2, 1, 3]-[4, 2, 3, 1]
Approximation cost: 3
-----
[(1, 3), (2, 3), (4, 1), (4, 2), (4, 3)]
[(2, 1), (2, 3), (4, 1), (4, 2), (4, 3)]
[(2, 1), (2, 3), (3, 1), (4, 1), (4, 2), (4, 3)]

Time elapsed: 0.00016273 seconds
Input: [3, 4, 1, 2]-[3, 4, 2, 1]-[4, 1, 3, 2]-[4, 3, 1, 2]-[4, 3, 2, 1]
Approximation cost: 6
-----
[(3, 1), (3, 2), (4, 1), (4, 2)]
[(3, 1), (3, 2), (4, 1), (4, 2)]
[(2, 1), (3, 1), (3, 2), (4, 1), (4, 2)]
[(1, 2), (3, 2), (4, 1), (4, 2), (4, 3)]
[(3, 1), (3, 2), (4, 1), (4, 2), (4, 3)]
[(2, 1), (3, 1), (3, 2), (4, 1), (4, 2), (4, 3)]

Time elapsed: 0.00005457 seconds
Input: [2, 3, 4, 1]-[2, 4, 1, 3]-[2, 4, 3, 1]
Approximation cost: 3
-----
[(2, 1), (2, 3), (2, 4), (3, 1), (4, 1)]
[(2, 1), (2, 3), (2, 4), (4, 1), (4, 3)]
[(2, 1), (2, 3), (2, 4), (3, 1), (4, 1), (4, 3)]

Time elapsed: 0.00001258 seconds
Input: [3, 2, 4, 1]
Approximation cost: 1
-----
[(2, 1), (2, 4), (3, 1), (3, 2), (3, 4), (4, 1)]

Time elapsed: 0.00005281 seconds
Input: [4, 1, 3, 2]-[4, 3, 1, 2]-[4, 3, 2, 1]
Approximation cost: 3
-----
[(1, 2), (3, 2), (4, 1), (4, 2), (4, 3)]
[(3, 1), (3, 2), (4, 1), (4, 2), (4, 3)]
[(2, 1), (3, 1), (3, 2), (4, 1), (4, 2), (4, 3)]

Time elapsed: 0.00016297 seconds
Input: [2, 4, 1, 3]-[2, 4, 3, 1]-[4, 1, 2, 3]-[4, 2, 1, 3]-[4, 2, 3, 1]
Approximation cost: 6
-----
[(2, 1), (2, 3), (4, 1), (4, 3)]
[(2, 1), (2, 3), (4, 1), (4, 3)]
[(2, 1), (2, 3), (3, 1), (4, 1), (4, 3)]
[(1, 3), (2, 3), (4, 1), (4, 2), (4, 3)]
[(2, 1), (2, 3), (4, 1), (4, 2), (4, 3)]
[(2, 1), (2, 3), (3, 1), (4, 1), (4, 2), (4, 3)]

Time elapsed: 0.00005496 seconds
Input: [3, 2, 4, 1]-[3, 4, 1, 2]-[3, 4, 2, 1]
Approximation cost: 3
-----
[(2, 1), (3, 1), (3, 2), (3, 4), (4, 1)]
[(3, 1), (3, 2), (3, 4), (4, 1), (4, 2)]
[(2, 1), (3, 1), (3, 2), (3, 4), (4, 1), (4, 2)]

Time elapsed: 0.00001235 seconds
Input: [2, 3, 4, 1]
Approximation cost: 1
-----
[(2, 1), (2, 3), (2, 4), (3, 1), (3, 4), (4, 1)]

