Time elapsed: 0.00048490 seconds
Input: [1, 2, 3, 4]-[1, 3, 2, 4]-[1, 3, 4, 2]-[3, 1, 2, 4]-[3, 1, 4, 2]-[3, 4, 1, 2]
Approximation cost: 4
-----
[(1, 2), (3, 4)]
[(3, 2), (3, 4)]
[(1, 2), (3, 1), (3, 1)]
[(1, 2), (3, 4), (4, 1)]

Time elapsed: 0.00004030 seconds
Input: [1, 2, 3, 4]
Approximation cost: 1
-----
[(1, 2), (2, 3), (3, 4)]

Time elapsed: 0.00022770 seconds
Input: [1, 2, 4, 3]-[1, 4, 2, 3]-[1, 4, 3, 2]-[4, 1, 2, 3]-[4, 1, 3, 2]-[4, 3, 1, 2]
Approximation cost: 4
-----
[(1, 2), (4, 3)]
[(4, 2), (4, 3)]
[(1, 2), (4, 1), (4, 1)]
[(1, 2), (3, 1), (4, 3)]

Time elapsed: 0.00005420 seconds
Input: [1, 2, 4, 3]
Approximation cost: 1
-----
[(1, 2), (2, 4), (4, 3)]

Time elapsed: 0.00036400 seconds
Input: [1, 2, 3, 4]-[1, 2, 4, 3]-[1, 3, 2, 4]-[2, 1, 3, 4]-[2, 1, 4, 3]-[2, 4, 1, 3]
Approximation cost: 4
-----
[(2, 4)]
[(1, 3), (2, 4), (3, 2)]
[(1, 3), (2, 1), (2, 1)]
[(1, 3), (2, 4), (4, 1)]

Time elapsed: 0.00002990 seconds
Input: [1, 3, 2, 4]
Approximation cost: 1
-----
[(1, 3), (2, 4), (3, 2)]

Time elapsed: 0.00028990 seconds
Input: [1, 3, 4, 2]-[1, 4, 2, 3]-[1, 4, 3, 2]-[4, 1, 2, 3]-[4, 1, 3, 2]-[4, 2, 1, 3]
Approximation cost: 4
-----
[(1, 3), (4, 2)]
[(4, 2), (4, 3)]
[(1, 3), (4, 1), (4, 1)]
[(1, 3), (2, 1), (4, 2)]

Time elapsed: 0.00004310 seconds
Input: [1, 3, 4, 2]
Approximation cost: 1
-----
[(1, 3), (3, 4), (4, 2)]

Time elapsed: 0.00032930 seconds
Input: [1, 2, 3, 4]-[1, 2, 4, 3]-[1, 4, 2, 3]-[2, 1, 3, 4]-[2, 1, 4, 3]-[2, 3, 1, 4]
Approximation cost: 4
-----
[(2, 3)]
[(1, 4), (2, 3), (4, 2)]
[(1, 4), (2, 1), (2, 1)]
[(1, 4), (2, 3), (3, 1)]

Time elapsed: 0.00003000 seconds
Input: [1, 4, 2, 3]
Approximation cost: 1
-----
[(1, 4), (2, 3), (4, 2)]

Time elapsed: 0.00026780 seconds
Input: [1, 3, 2, 4]-[1, 3, 4, 2]-[1, 4, 3, 2]-[3, 1, 2, 4]-[3, 1, 4, 2]-[3, 2, 1, 4]
Approximation cost: 4
-----
[(3, 2)]
[(1, 4), (3, 2), (4, 3)]
[(1, 4), (3, 1), (3, 1)]
[(1, 4), (2, 1), (3, 2)]

Time elapsed: 0.00005210 seconds
Input: [1, 4, 3, 2]
Approximation cost: 1
-----
[(1, 4), (3, 2), (4, 3)]

Time elapsed: 0.00015620 seconds
Input: [2, 1, 3, 4]-[2, 3, 1, 4]-[2, 3, 4, 1]-[3, 2, 1, 4]-[3, 2, 4, 1]-[3, 4, 2, 1]
Approximation cost: 4
-----
[(2, 1), (3, 4)]
[(3, 1), (3, 4)]
[(2, 1), (3, 2), (3, 2)]
[(2, 1), (3, 4), (4, 2)]

Time elapsed: 0.00004990 seconds
Input: [2, 1, 3, 4]
Approximation cost: 1
-----
[(1, 3), (2, 1), (3, 4)]

Time elapsed: 0.00035880 seconds
Input: [2, 1, 4, 3]-[2, 4, 1, 3]-[2, 4, 3, 1]-[4, 2, 1, 3]-[4, 2, 3, 1]-[4, 3, 2, 1]
Approximation cost: 4
-----
[(2, 1), (4, 3)]
[(4, 1), (4, 3)]
[(2, 1), (4, 2), (4, 2)]
[(2, 1), (3, 2), (4, 3)]

Time elapsed: 0.00002610 seconds
Input: [2, 1, 4, 3]
Approximation cost: 1
-----
[(1, 4), (2, 1), (4, 3)]

Time elapsed: 0.00014900 seconds
Input: [1, 2, 3, 4]-[1, 2, 4, 3]-[1, 4, 2, 3]-[2, 1, 3, 4]-[2, 1, 4, 3]-[2, 3, 1, 4]
Approximation cost: 4
-----
[(2, 3)]
[(1, 4), (2, 3), (4, 2)]
[(1, 4), (2, 1), (2, 1)]
[(1, 4), (2, 3), (3, 1)]

Time elapsed: 0.00002800 seconds
Input: [2, 3, 1, 4]
Approximation cost: 1
-----
[(1, 4), (2, 3), (3, 1)]

Time elapsed: 0.00027690 seconds
Input: [2, 3, 4, 1]-[2, 4, 1, 3]-[2, 4, 3, 1]-[4, 1, 2, 3]-[4, 2, 1, 3]-[4, 2, 3, 1]
Approximation cost: 4
-----
[(2, 3), (4, 1)]
[(4, 1), (4, 3)]
[(2, 3), (4, 1)]
[(2, 1), (2, 3), (4, 2), (4, 2)]

Time elapsed: 0.00002880 seconds
Input: [2, 3, 4, 1]
Approximation cost: 1
-----
[(2, 3), (3, 4), (4, 1)]

Time elapsed: 0.00019880 seconds
Input: [1, 2, 3, 4]-[1, 2, 4, 3]-[1, 3, 2, 4]-[2, 1, 3, 4]-[2, 1, 4, 3]-[2, 4, 1, 3]
Approximation cost: 4
-----
[(2, 4)]
[(1, 3), (2, 4), (3, 2)]
[(1, 3), (2, 1), (2, 1)]
[(1, 3), (2, 4), (4, 1)]

Time elapsed: 0.00003670 seconds
Input: [2, 4, 1, 3]
Approximation cost: 1
-----
[(1, 3), (2, 4), (4, 1)]

Time elapsed: 0.00024160 seconds
Input: [2, 3, 1, 4]-[2, 3, 4, 1]-[2, 4, 3, 1]-[3, 1, 2, 4]-[3, 2, 1, 4]-[3, 2, 4, 1]
Approximation cost: 4
-----
[(3, 1)]
[(2, 4), (3, 1), (4, 3)]
[(2, 4), (3, 1)]
[(2, 1), (2, 4), (3, 2), (3, 2)]

Time elapsed: 0.00002850 seconds
Input: [2, 4, 3, 1]
Approximation cost: 1
-----
[(2, 4), (3, 1), (4, 3)]

Time elapsed: 0.00016280 seconds
Input: [2, 3, 1, 4]-[2, 3, 4, 1]-[2, 4, 3, 1]-[3, 1, 2, 4]-[3, 2, 1, 4]-[3, 2, 4, 1]
Approximation cost: 4
-----
[(3, 1)]
[(2, 4), (3, 1), (4, 3)]
[(2, 4), (3, 1)]
[(2, 1), (2, 4), (3, 2), (3, 2)]

Time elapsed: 0.00002880 seconds
Input: [3, 1, 2, 4]
Approximation cost: 1
-----
[(1, 2), (2, 4), (3, 1)]

Time elapsed: 0.00027260 seconds
Input: [3, 1, 4, 2]-[3, 4, 1, 2]-[3, 4, 2, 1]-[4, 2, 3, 1]-[4, 3, 1, 2]-[4, 3, 2, 1]
Approximation cost: 4
-----
[(3, 1), (4, 2)]
[(4, 1), (4, 2)]
[(3, 1), (4, 2)]
[(3, 1), (3, 2), (4, 3), (4, 3)]

Time elapsed: 0.00002940 seconds
Input: [3, 1, 4, 2]
Approximation cost: 1
-----
[(1, 4), (3, 1), (4, 2)]

Time elapsed: 0.00013770 seconds
Input: [1, 3, 2, 4]-[1, 3, 4, 2]-[1, 4, 3, 2]-[3, 1, 2, 4]-[3, 1, 4, 2]-[3, 2, 1, 4]
Approximation cost: 4
-----
[(3, 2)]
[(1, 4), (3, 2), (4, 3)]
[(1, 4), (3, 1), (3, 1)]
[(1, 4), (2, 1), (3, 2)]

Time elapsed: 0.00005280 seconds
Input: [3, 2, 1, 4]
Approximation cost: 1
-----
[(1, 4), (2, 1), (3, 2)]

Time elapsed: 0.00017500 seconds
Input: [3, 2, 4, 1]-[3, 4, 1, 2]-[3, 4, 2, 1]-[4, 1, 3, 2]-[4, 3, 1, 2]-[4, 3, 2, 1]
Approximation cost: 4
-----
[(3, 2), (4, 1)]
[(4, 1), (4, 2)]
[(3, 2), (4, 1)]
[(3, 1), (3, 2), (4, 3), (4, 3)]

Time elapsed: 0.00002910 seconds
Input: [3, 2, 4, 1]
Approximation cost: 1
-----
[(2, 4), (3, 2), (4, 1)]

Time elapsed: 0.01806550 seconds
Input: [1, 2, 3, 4]-[1, 3, 2, 4]-[1, 3, 4, 2]-[3, 1, 2, 4]-[3, 1, 4, 2]-[3, 4, 1, 2]
Approximation cost: 4
-----
[(1, 2), (3, 4)]
[(3, 2), (3, 4)]
[(1, 2), (3, 1), (3, 1)]
[(1, 2), (3, 4), (4, 1)]

Time elapsed: 0.00005770 seconds
Input: [3, 4, 1, 2]
Approximation cost: 1
-----
[(1, 2), (3, 4), (4, 1)]

Time elapsed: 0.00025490 seconds
Input: [2, 1, 3, 4]-[2, 3, 1, 4]-[2, 3, 4, 1]-[3, 2, 1, 4]-[3, 2, 4, 1]-[3, 4, 2, 1]
Approximation cost: 4
-----
[(2, 1), (3, 4)]
[(3, 1), (3, 4)]
[(2, 1), (3, 2), (3, 2)]
[(2, 1), (3, 4), (4, 2)]

Time elapsed: 0.00002780 seconds
Input: [3, 4, 2, 1]
Approximation cost: 1
-----
[(2, 1), (3, 4), (4, 2)]

Time elapsed: 0.00023240 seconds
Input: [2, 3, 4, 1]-[2, 4, 1, 3]-[2, 4, 3, 1]-[4, 1, 2, 3]-[4, 2, 1, 3]-[4, 2, 3, 1]
Approximation cost: 4
-----
[(2, 3), (4, 1)]
[(4, 1), (4, 3)]
[(2, 3), (4, 1)]
[(2, 1), (2, 3), (4, 2), (4, 2)]

Time elapsed: 0.00003170 seconds
Input: [4, 1, 2, 3]
Approximation cost: 1
-----
[(1, 2), (2, 3), (4, 1)]

Time elapsed: 0.00023410 seconds
Input: [3, 2, 4, 1]-[3, 4, 1, 2]-[3, 4, 2, 1]-[4, 1, 3, 2]-[4, 3, 1, 2]-[4, 3, 2, 1]
Approximation cost: 4
-----
[(3, 2), (4, 1)]
[(4, 1), (4, 2)]
[(3, 2), (4, 1)]
[(3, 1), (3, 2), (4, 3), (4, 3)]

Time elapsed: 0.00003490 seconds
Input: [4, 1, 3, 2]
Approximation cost: 1
-----
[(1, 3), (3, 2), (4, 1)]

Time elapsed: 0.00017940 seconds
Input: [1, 3, 4, 2]-[1, 4, 2, 3]-[1, 4, 3, 2]-[4, 1, 2, 3]-[4, 1, 3, 2]-[4, 2, 1, 3]
Approximation cost: 4
-----
[(1, 3), (4, 2)]
[(4, 2), (4, 3)]
[(1, 3), (4, 1), (4, 1)]
[(1, 3), (2, 1), (4, 2)]

Time elapsed: 0.00003480 seconds
Input: [4, 2, 1, 3]
Approximation cost: 1
-----
[(1, 3), (2, 1), (4, 2)]

Time elapsed: 0.00020510 seconds
Input: [3, 1, 4, 2]-[3, 4, 1, 2]-[3, 4, 2, 1]-[4, 2, 3, 1]-[4, 3, 1, 2]-[4, 3, 2, 1]
Approximation cost: 4
-----
[(3, 1), (4, 2)]
[(4, 1), (4, 2)]
[(3, 1), (4, 2)]
[(3, 1), (3, 2), (4, 3), (4, 3)]

Time elapsed: 0.00002360 seconds
Input: [4, 2, 3, 1]
Approximation cost: 1
-----
[(2, 3), (3, 1), (4, 2)]

Time elapsed: 0.00022720 seconds
Input: [1, 2, 4, 3]-[1, 4, 2, 3]-[1, 4, 3, 2]-[4, 1, 2, 3]-[4, 1, 3, 2]-[4, 3, 1, 2]
Approximation cost: 4
-----
[(1, 2), (4, 3)]
[(4, 2), (4, 3)]
[(1, 2), (4, 1), (4, 1)]
[(1, 2), (3, 1), (4, 3)]

Time elapsed: 0.00003510 seconds
Input: [4, 3, 1, 2]
Approximation cost: 1
-----
[(1, 2), (3, 1), (4, 3)]

Time elapsed: 0.00016940 seconds
Input: [2, 1, 4, 3]-[2, 4, 1, 3]-[2, 4, 3, 1]-[4, 2, 1, 3]-[4, 2, 3, 1]-[4, 3, 2, 1]
Approximation cost: 4
-----
[(2, 1), (4, 3)]
[(4, 1), (4, 3)]
[(2, 1), (4, 2), (4, 2)]
[(2, 1), (3, 2), (4, 3)]

Time elapsed: 0.00004410 seconds
Input: [4, 3, 2, 1]
Approximation cost: 1
-----
[(2, 1), (3, 2), (4, 3)]

